 0, 413, 382
 0.5, 89, 173
 1, 90, 133
 1.5, 91, 120
 2, 90, 120
 2.5, 89, 120
 3, 92, 120
 3.5, 89, 120
 4, 93, 120
 4.5, 94, 120
 5, 97, 132
 5.5, 88, 120
 6, 92, 120
 6.5, 92, 120
 7, 93, 120
 7.5, 106, 121
 8, 92, 120
 8.5, 93, 121
 9, 93, 120
 9.5, 94, 121
 10, 91, 121
 10.5, 92, 121
 11, 93, 121
 11.5, 92, 121
 12, 93, 121
 12.5, 93, 121
 13, 90, 121
 13.5, 94, 120
 14, 90, 121
 14.5, 92, 121
 15, 111, 126
 15.5, 94, 121
 16, 95, 121
 16.5, 93, 121
 17, 94, 121
 17.5, 93, 121
 18, 96, 121
 18.5, 91, 120
 19, 89, 121
 19.5, 94, 120
 20, 89, 120
 20.5, 94, 120
 21, 94, 120
 21.5, 93, 120
 22, 94, 120
 22.5, 192, 198
 23, 94, 120
 23.5, 95, 120
 24, 90, 120
 24.5, 93, 120
 25, 94, 120
 25.5, 92, 120
 26, 94, 120
 26.5, 94, 120
 27, 92, 120
 27.5, 93, 120
 28, 96, 120
 28.5, 93, 120
 29, 95, 120
 29.5, 94, 123
 30, 133, 135
 30.5, 95, 121
 31, 95, 120
 31.5, 93, 120
 32, 92, 120
 32.5, 95, 120
 33, 94, 120
 33.5, 97, 121
 34, 95, 120
 34.5, 94, 120
 35, 80, 120
 35.5, 93, 120
 36, 94, 120
 36.5, 93, 120
 37, 96, 120
 37.5, 178, 120
 38, 96, 120
 38.5, 94, 120
 39, 95, 120
 39.5, 95, 120
 40, 102, 124
 40.5, 94, 120
 41, 95, 121
 41.5, 97, 121
 42, 95, 121
 42.5, 96, 121
 43, 96, 121
 43.5, 93, 121
 44, 92, 120
 44.5, 94, 121
 45, 110, 124
 45.5, 95, 121
 46, 93, 120
 46.5, 93, 121
 47, 92, 121
 47.5, 92, 121
 48, 94, 121
 48.5, 92, 120
 49, 95, 121
 49.5, 93, 120
 50, 99, 126
 50.5, 94, 120
 51, 95, 120
 51.5, 92, 120
 52, 95, 120
 52.5, 95, 121
 53, 94, 120
 53.5, 92, 120
 54, 91, 120
 54.5, 91, 120
 55, 95, 122
 55.5, 93, 120
 56, 93, 120
 56.5, 91, 120
 57, 94, 120
 57.5, 95, 120
 58, 92, 120
 58.5, 90, 120
 59, 93, 120
 59.5, 92, 131
 60, 166, 138
 60.5, 92, 121
 61, 91, 120
 61.5, 92, 120
 62, 93, 120
 62.5, 91, 120
 63, 91, 120
 63.5, 89, 120
 64, 90, 120
 64.5, 89, 120
 65, 91, 120
 65.5, 89, 120
 66, 91, 120
 66.5, 92, 120
 67, 92, 120
 67.5, 88, 121
 68, 90, 120
 68.5, 92, 120
 69, 89, 120
 69.5, 91, 120
 70, 92, 120
 70.5, 92, 120
 71, 92, 120
 71.5, 91, 120
 72, 90, 124
 72.5, 92, 120
 73, 92, 120
 73.5, 91, 120
 74, 94, 120
 74.5, 92, 120
 75, 110, 133
 75.5, 93, 129
 76, 93, 120
 76.5, 92, 120
 77, 92, 120
 77.5, 92, 120
 78, 94, 120
 78.5, 92, 120
 79, 92, 120
 79.5, 93, 120
 80, 96, 121
 80.5, 90, 120
 81, 91, 120
 81.5, 91, 120
 82, 92, 120
 82.5, 95, 123
 83, 96, 120
 83.5, 94, 120
 84, 91, 120
 84.5, 93, 120
 85, 95, 120
 85.5, 93, 120
 86, 95, 120
 86.5, 91, 120
 87, 91, 120
 87.5, 96, 120
 88, 96, 120
 88.5, 93, 120
 89, 95, 120
 89.5, 94, 123
 90, 138, 149
 90.5, 94, 125
 91, 94, 120
 91.5, 95, 120
 92, 93, 120
 92.5, 95, 120
 93, 95, 120
 93.5, 95, 120
 94, 94, 120
 94.5, 92, 120
 95, 109, 167
 95.5, 94, 120
 96, 95, 120
 96.5, 95, 120
 97, 92, 120
 97.5, 103, 128
 98, 93, 120
 98.5, 93, 120
 99, 93, 120
 99.5, 95, 120
 100, 90, 121
 100.5, 93, 120
 101, 91, 120
 101.5, 94, 120
 102, 92, 132
 102.5, 92, 120
 103, 93, 120
 103.5, 95, 120
 104, 93, 120
 104.5, 92, 120
 105, 104, 123
 105.5, 91, 122
 106, 93, 120
 106.5, 92, 120
 107, 93, 120
 107.5, 92, 120
 108, 90, 120
 108.5, 92, 120
 109, 90, 120
 109.5, 92, 120
 110, 94, 120
 110.5, 92, 120
 111, 92, 120
 111.5, 93, 120
 112, 94, 120
 112.5, 84, 120
 113, 91, 120
 113.5, 88, 120
 114, 110, 165
 114.5, 92, 120
 115, 91, 120
 115.5, 92, 120
 116, 90, 120
 116.5, 88, 120
 117, 91, 120
 117.5, 91, 120
 118, 88, 120
 118.5, 90, 120
 119, 87, 120
 119.5, 85, 131
 120, 213, 223
 120.5, 85, 125
 121, 87, 119
 121.5, 88, 120
 122, 86, 119
 122.5, 87, 119
 123, 89, 120
 123.5, 91, 120
 124, 89, 120
 124.5, 91, 120
 125, 87, 121
 125.5, 90, 120
 126, 94, 120
 126.5, 95, 120
 127, 95, 120
 127.5, 133, 179
 128, 96, 120
 128.5, 95, 120
 129, 94, 120
 129.5, 97, 120
 130, 96, 120
 130.5, 92, 120
 131, 96, 120
 131.5, 95, 120
 132, 98, 120
 132.5, 98, 120
 133, 96, 120
 133.5, 99, 120
 134, 96, 121
 134.5, 93, 120
 135, 124, 141
 135.5, 97, 121
 136, 99, 120
 136.5, 97, 121
 137, 94, 120
 137.5, 96, 121
 138, 95, 121
 138.5, 95, 120
 139, 96, 120
 139.5, 96, 120
 140, 97, 121
 140.5, 99, 120
 141, 98, 120
 141.5, 96, 120
 142, 95, 120
 142.5, 97, 121
 143, 96, 120
 143.5, 96, 120
 144, 92, 120
 144.5, 94, 120
 145, 96, 120
 145.5, 99, 120
 146, 97, 120
 146.5, 98, 120
 147, 96, 120
 147.5, 100, 121
 148, 98, 120
 148.5, 97, 120
 149, 97, 120
 149.5, 98, 123
 150, 137, 206
 150.5, 94, 124
 151, 96, 120
 151.5, 97, 120
 152, 96, 120
 152.5, 97, 120
 153, 96, 120
 153.5, 101, 121
 154, 98, 120
 154.5, 98, 121
 155, 100, 120
 155.5, 99, 120
 156, 98, 138
 156.5, 99, 120
 157, 101, 120
 157.5, 192, 153
 158, 100, 121
 158.5, 102, 121
 159, 96, 121
 159.5, 99, 120
 160, 176, 162
 160.5, 102, 121
 161, 101, 121
 161.5, 100, 121
 162, 98, 121
 162.5, 101, 121
 163, 97, 121
 163.5, 99, 121
 164, 98, 121
 164.5, 99, 121
 165, 206, 189
 165.5, 98, 121
 166, 99, 121
 166.5, 101, 121
 167, 99, 121
 167.5, 95, 121
 168, 97, 122
 168.5, 94, 120
 169, 95, 121
 169.5, 99, 121
 170, 96, 120
 170.5, 96, 120
 171, 93, 120
 171.5, 92, 120
 172, 94, 120
 172.5, 110, 121
 173, 95, 120
 173.5, 95, 120
 174, 94, 120
 174.5, 94, 120
 175, 93, 120
 175.5, 93, 120
 176, 92, 121
 176.5, 89, 120
 177, 92, 120
 177.5, 90, 120
 178, 93, 120
 178.5, 93, 120
 179, 92, 121
 179.5, 90, 131
 180, 168, 149
 180.5, 92, 122
 181, 91, 120
 181.5, 92, 120
 182, 93, 120
 182.5, 89, 120
 183, 89, 121
 183.5, 91, 120
 184, 92, 120
 184.5, 91, 120
 185, 91, 120
 185.5, 91, 120
 186, 90, 120
 186.5, 89, 120
 187, 90, 120
 187.5, 118, 121
 188, 89, 120
 188.5, 88, 120
 189, 89, 121
 189.5, 89, 120
 190, 151, 223
 190.5, 89, 120
 191, 89, 120
 191.5, 90, 120
 192, 86, 120
 192.5, 88, 121
 193, 88, 120
 193.5, 87, 121
 194, 88, 120
 194.5, 90, 121
 195, 103, 144
 195.5, 88, 120
 196, 89, 120
 196.5, 87, 120
 197, 85, 120
 197.5, 88, 120
 198, 87, 122
 198.5, 89, 120
 199, 89, 120
 199.5, 88, 120
 200, 91, 120
 200.5, 90, 120
 201, 88, 120
 201.5, 88, 120
 202, 89, 120
 202.5, 112, 193
 203, 87, 120
 203.5, 87, 120
 204, 87, 120
 204.5, 87, 120
 205, 90, 122
 205.5, 90, 120
 206, 91, 120
 206.5, 91, 120
 207, 91, 120
 207.5, 89, 120
 208, 87, 120
 208.5, 88, 120
 209, 89, 120
 209.5, 91, 124
 210, 258, 226
 210.5, 87, 122
 211, 90, 120
 211.5, 89, 120
 212, 90, 120
 212.5, 90, 120
 213, 87, 120
 213.5, 90, 120
 214, 90, 120
 214.5, 92, 120
 215, 90, 120
 215.5, 88, 120
 216, 87, 120
 216.5, 87, 120
 217, 88, 120
 217.5, 82, 120
 218, 91, 120
 218.5, 84, 120
 219, 86, 120
 219.5, 88, 120
 220, 101, 128
 220.5, 86, 120
 221, 89, 120
 221.5, 90, 120
 222, 88, 120
 222.5, 92, 120
 223, 93, 120
 223.5, 91, 120
 224, 90, 120
 224.5, 90, 120
 225, 82, 125
 225.5, 91, 120
 226, 94, 120
 226.5, 88, 120
 227, 86, 120
 227.5, 89, 120
 228, 87, 121
 228.5, 90, 120
 229, 93, 120
 229.5, 92, 120
 230, 107, 122
 230.5, 95, 120
 231, 94, 121
 231.5, 92, 120
 232, 94, 120
 232.5, 92, 120
 233, 97, 120
 233.5, 91, 120
 234, 92, 120
 234.5, 92, 120
 235, 93, 120
 235.5, 91, 120
 236, 92, 120
 236.5, 93, 120
 237, 91, 120
 237.5, 94, 120
 238, 92, 120
 238.5, 91, 120
 239, 91, 120
 239.5, 91, 140
 240, 167, 153
 240.5, 89, 121
 241, 89, 120
 241.5, 88, 120
 242, 92, 120
 242.5, 91, 120
 243, 92, 120
 243.5, 91, 120
 244, 90, 120
 244.5, 95, 120
 245, 95, 120
 245.5, 91, 120
 246, 86, 120
 246.5, 88, 120
 247, 88, 120
 247.5, 94, 120
 248, 91, 120
 248.5, 93, 120
 249, 89, 120
 249.5, 93, 120
 250, 91, 120
 250.5, 91, 120
 251, 94, 120
 251.5, 96, 120
 252, 152, 133
 252.5, 90, 120
 253, 92, 120
 253.5, 90, 120
 254, 94, 120
 254.5, 95, 121
 255, 141, 139
 255.5, 96, 123
 256, 93, 120
 256.5, 92, 120
 257, 93, 120
 257.5, 94, 120
 258, 92, 121
 258.5, 94, 120
 259, 94, 120
 259.5, 95, 121
 260, 92, 150
 260.5, 91, 120
 261, 91, 120
 261.5, 93, 120
 262, 91, 120
 262.5, 108, 148
 263, 92, 120
 263.5, 92, 120
 264, 93, 120
 264.5, 91, 120
 265, 90, 120
 265.5, 91, 120
 266, 89, 120
 266.5, 88, 120
 267, 89, 120
 267.5, 86, 120
 268, 88, 120
 268.5, 89, 120
 269, 89, 120
 269.5, 91, 125
 270, 151, 141
 270.5, 89, 130
 271, 90, 120
 271.5, 90, 120
 272, 87, 120
 272.5, 86, 120
 273, 88, 120
 273.5, 90, 120
 274, 88, 120
 274.5, 90, 120
 275, 89, 122
 275.5, 88, 120
 276, 86, 120
 276.5, 86, 120
 277, 86, 120
 277.5, 90, 120
 278, 88, 120
 278.5, 90, 120
 279, 92, 120
 279.5, 90, 120
 280, 109, 163
 280.5, 87, 120
 281, 89, 121
 281.5, 88, 120
 282, 89, 125
 282.5, 89, 120
 283, 89, 120
 283.5, 87, 120
 284, 87, 120
 284.5, 88, 121
 285, 105, 169
 285.5, 90, 156
 286, 89, 120
 286.5, 89, 120
 287, 88, 120
 287.5, 91, 121
 288, 89, 121
 288.5, 91, 120
 289, 89, 120
 289.5, 88, 120
 290, 106, 121
 290.5, 89, 120
 291, 89, 120
 291.5, 87, 120
 292, 87, 120
 292.5, 134, 131
 293, 86, 120
 293.5, 87, 120
 294, 93, 133
 294.5, 89, 120
 295, 92, 120
 295.5, 88, 120
 296, 91, 120
 296.5, 88, 120
 297, 89, 120
 297.5, 90, 120
 298, 88, 120
 298.5, 87, 120
 299, 87, 120
 299.5, 88, 128
 300, 169, 253
 300.5, 89, 123
 301, 89, 120
 301.5, 88, 120
 302, 88, 120
 302.5, 88, 120
 303, 88, 120
 303.5, 86, 120
 304, 89, 120
 304.5, 90, 120
 305, 87, 126
 305.5, 89, 120
 306, 87, 120
 306.5, 85, 120
 307, 86, 120
 307.5, 131, 163
 308, 90, 120
 308.5, 87, 120
 309, 84, 120
 309.5, 87, 120
 310, 84, 122
 310.5, 86, 120
 311, 85, 120
 311.5, 86, 120
 312, 85, 120
 312.5, 85, 120
 313, 87, 120
 313.5, 85, 120
 314, 87, 120
 314.5, 86, 120
 315, 87, 121
 315.5, 84, 120
 316, 85, 120
 316.5, 85, 120
 317, 87, 120
 317.5, 87, 120
 318, 84, 120
 318.5, 84, 120
 319, 84, 119
 319.5, 86, 120
 320, 81, 119
 320.5, 83, 119
 321, 86, 120
 321.5, 84, 119
 322, 85, 119
 322.5, 86, 121
 323, 84, 119
 323.5, 84, 119
 324, 85, 120
 324.5, 84, 119
 325, 84, 121
 325.5, 83, 119
 326, 84, 119
 326.5, 85, 119
 327, 85, 119
 327.5, 83, 119
 328, 85, 119
 328.5, 84, 119
 329, 84, 119
 329.5, 86, 126
 330, 157, 220
 330.5, 84, 120
 331, 85, 119
 331.5, 84, 119
 332, 85, 119
 332.5, 86, 119
 333, 86, 119
 333.5, 84, 119
 334, 86, 119
 334.5, 83, 119
 335, 87, 119
 335.5, 83, 119
 336, 86, 119
 336.5, 86, 119
 337, 87, 119
 337.5, 85, 119
 338, 86, 119
 338.5, 87, 119
 339, 86, 119
 339.5, 85, 119
 340, 111, 122
 340.5, 87, 119
 341, 86, 119
 341.5, 86, 119
 342, 84, 119
 342.5, 86, 120
 343, 85, 120
 343.5, 87, 119
 344, 86, 120
 344.5, 85, 154
 345, 138, 167
 345.5, 89, 120
 346, 88, 119
 346.5, 87, 119
 347, 86, 119
 347.5, 82, 119
 348, 85, 119
 348.5, 86, 119
 349, 86, 119
 349.5, 85, 119
 350, 85, 119
 350.5, 85, 119
 351, 85, 120
 351.5, 88, 119
 352, 86, 119
 352.5, 85, 119
 353, 87, 119
 353.5, 86, 119
 354, 84, 119
 354.5, 84, 119
 355, 107, 137
 355.5, 83, 119
 356, 84, 119
 356.5, 84, 119
 357, 84, 119
 357.5, 87, 119
 358, 85, 119
 358.5, 83, 119
 359, 86, 119
 359.5, 87, 133
 360, 140, 157
 360.5, 83, 119
 361, 86, 119
 361.5, 86, 119
 362, 85, 119
 362.5, 81, 119
 363, 123, 175
 363.5, 84, 119
 364, 83, 119
 364.5, 82, 119
 365, 88, 119
 365.5, 85, 119
 366, 83, 119
 366.5, 84, 119
 367, 84, 119
 367.5, 83, 119
 368, 83, 119
 368.5, 86, 119
 369, 84, 119
 369.5, 84, 119
 370, 79, 119
 370.5, 83, 119
 371, 81, 119
 371.5, 84, 119
 372, 84, 119
 372.5, 84, 119
 373, 85, 119
 373.5, 84, 119
 374, 86, 119
 374.5, 84, 123
 375, 165, 170
 375.5, 88, 120
 376, 90, 120
 376.5, 88, 119
 377, 86, 119
 377.5, 86, 119
 378, 128, 123
 378.5, 88, 119
 379, 87, 119
 379.5, 86, 119
 380, 84, 119
 380.5, 85, 119
 381, 84, 119
 381.5, 84, 119
 382, 82, 119
 382.5, 85, 120
 383, 82, 119
 383.5, 84, 119
 384, 82, 119
 384.5, 82, 119
 385, 82, 119
 385.5, 83, 119
 386, 81, 119
 386.5, 84, 119
 387, 84, 119
 387.5, 79, 119
 388, 82, 119
 388.5, 84, 119
 389, 83, 119
 389.5, 83, 123
 390, 177, 152
 390.5, 80, 143
 391, 84, 119
 391.5, 85, 119
 392, 84, 119
 392.5, 82, 119
 393, 83, 119
 393.5, 85, 119
 394, 83, 119
 394.5, 83, 119
 395, 92, 153
 395.5, 86, 119
 396, 87, 119
 396.5, 86, 119
 397, 88, 119
 397.5, 98, 119
 398, 88, 119
 398.5, 90, 121
 399, 91, 120
 399.5, 88, 119
 400, 92, 121
 400.5, 89, 119
 401, 86, 119
 401.5, 89, 119
 402, 86, 119
 402.5, 93, 134
 403, 89, 120
 403.5, 90, 120
 404, 88, 119
 404.5, 87, 119
 405, 106, 146
 405.5, 90, 120
 406, 88, 119
 406.5, 91, 119
 407, 89, 119
 407.5, 90, 119
 408, 87, 120
 408.5, 88, 119
 409, 88, 119
 409.5, 87, 119
 410, 89, 119
 410.5, 88, 119
 411, 89, 119
 411.5, 87, 119
 412, 90, 119
 412.5, 90, 121
 413, 89, 119
 413.5, 89, 119
 414, 90, 120
 414.5, 87, 119
 415, 90, 119
 415.5, 86, 119
 416, 88, 119
 416.5, 89, 119
 417, 87, 119
 417.5, 90, 119
 418, 90, 119
 418.5, 89, 119
 419, 91, 119
 419.5, 88, 124
 420, 245, 213
 420.5, 89, 120
 421, 89, 119
 421.5, 90, 119
 422, 92, 119
 422.5, 91, 119
 423, 90, 119
 423.5, 88, 119
 424, 89, 119
 424.5, 91, 119
 425, 92, 119
 425.5, 91, 119
 426, 89, 119
 426.5, 89, 119
 427, 90, 119
 427.5, 107, 167
 428, 91, 119
 428.5, 92, 120
 429, 91, 119
 429.5, 89, 119
 430, 79, 119
 430.5, 88, 119
 431, 88, 119
 431.5, 89, 119
 432, 152, 172
 432.5, 89, 119
 433, 89, 119
 433.5, 90, 119
 434, 88, 119
 434.5, 88, 125
 435, 227, 335
 435.5, 87, 121
 436, 87, 119
 436.5, 89, 119
 437, 88, 119
 437.5, 89, 119
 438, 89, 121
 438.5, 86, 119
 439, 87, 119
 439.5, 86, 119
 440, 126, 121
 440.5, 87, 119
 441, 87, 119
 441.5, 85, 119
 442, 88, 119
 442.5, 100, 119
 443, 86, 119
 443.5, 87, 119
 444, 85, 119
 444.5, 85, 119
 445, 86, 119
 445.5, 84, 119
 446, 87, 119
 446.5, 85, 119
 447, 86, 119
 447.5, 87, 119
 448, 87, 119
 448.5, 85, 119
 449, 84, 119
 449.5, 85, 123
 450, 170, 141
 450.5, 84, 128
 451, 85, 119
 451.5, 84, 119
 452, 85, 119
 452.5, 87, 119
 453, 87, 119
 453.5, 85, 119
 454, 86, 119
 454.5, 87, 119
 455, 86, 119
 455.5, 86, 119
 456, 84, 119
 456.5, 87, 119
 457, 82, 119
 457.5, 92, 132
 458, 85, 119
 458.5, 83, 119
 459, 85, 119
 459.5, 84, 119
 460, 95, 124
 460.5, 87, 119
 461, 88, 119
 461.5, 86, 119
 462, 88, 119
 462.5, 89, 119
 463, 89, 119
 463.5, 87, 119
 464, 87, 119
 464.5, 87, 119
 465, 129, 124
 465.5, 87, 119
 466, 89, 118
 466.5, 87, 119
 467, 86, 119
 467.5, 84, 118
 468, 87, 121
 468.5, 87, 119
 469, 86, 119
 469.5, 88, 119
 470, 85, 119
 470.5, 87, 118
 471, 89, 119
 471.5, 89, 119
 472, 87, 118
 472.5, 240, 205
 473, 88, 118
 473.5, 88, 118
 474, 100, 128
 474.5, 88, 118
 475, 90, 119
 475.5, 87, 118
 476, 88, 119
 476.5, 89, 118
 477, 89, 121
 477.5, 87, 118
 478, 90, 119
 478.5, 89, 119
 479, 87, 119
 479.5, 88, 145
 480, 156, 158
 480.5, 88, 120
 481, 89, 119
 481.5, 88, 119
 482, 88, 118
 482.5, 90, 118
 483, 88, 118
 483.5, 88, 119
 484, 88, 119
 484.5, 87, 118
 485, 86, 119
 485.5, 88, 119
 486, 88, 119
 486.5, 90, 119
 487, 87, 119
 487.5, 97, 119
 488, 90, 119
 488.5, 88, 119
 489, 202, 266
 489.5, 88, 119
 490, 89, 119
 490.5, 87, 118
 491, 90, 119
 491.5, 90, 119
 492, 88, 119
 492.5, 88, 119
 493, 88, 119
 493.5, 88, 119
 494, 89, 119
 494.5, 89, 119
 495, 99, 126
 495.5, 89, 119
 496, 89, 119
 496.5, 87, 118
 497, 89, 119
 497.5, 88, 118
 498, 87, 119
 498.5, 89, 118
 499, 86, 118
 499.5, 89, 119
 500, 92, 119
 500.5, 90, 118
 501, 87, 121
 501.5, 88, 118
 502, 89, 118
 502.5, 93, 119
 503, 90, 118
 503.5, 89, 118
 504, 87, 119
 504.5, 89, 118
 505, 187, 251
 505.5, 88, 118
 506, 90, 118
 506.5, 89, 118
 507, 87, 118
 507.5, 90, 118
 508, 89, 118
 508.5, 90, 118
 509, 89, 118
 509.5, 91, 120
 510, 242, 255
 510.5, 88, 136
 511, 89, 118
 511.5, 87, 118
 512, 87, 118
 512.5, 89, 118
 513, 90, 119
 513.5, 88, 118
 514, 88, 118
 514.5, 87, 118
 515, 87, 120
 515.5, 86, 118
 516, 88, 119
 516.5, 89, 118
 517, 87, 118
 517.5, 99, 119
 518, 88, 118
 518.5, 87, 118
 519, 89, 118
 519.5, 89, 118
 520, 86, 120
 520.5, 89, 118
 521, 89, 118
 521.5, 89, 118
 522, 89, 118
 522.5, 89, 120
 523, 89, 118
 523.5, 89, 118
 524, 87, 118
 524.5, 90, 173
 525, 167, 172
 525.5, 89, 119
 526, 88, 118
 526.5, 88, 118
 527, 88, 118
 527.5, 89, 118
 528, 89, 118
 528.5, 86, 118
 529, 86, 118
 529.5, 89, 118
 530, 86, 118
 530.5, 89, 118
 531, 90, 118
 531.5, 88, 118
 532, 91, 118
 532.5, 112, 156
 533, 88, 118
 533.5, 91, 118
 534, 91, 118
 534.5, 90, 118
 535, 91, 119
 535.5, 92, 118
 536, 90, 118
 536.5, 74, 118
 537, 74, 118
 537.5, 75, 118
 538, 76, 118
 538.5, 75, 118
 539, 74, 118
 539.5, 72, 126
 540, 136, 135
 540.5, 74, 118
 541, 76, 118
 541.5, 76, 118
 542, 74, 118
 542.5, 75, 118
 543, 103, 134
 543.5, 75, 118
 544, 74, 118
 544.5, 75, 118
 545, 71, 118
 545.5, 73, 118
 546, 72, 118
 546.5, 76, 118
 547, 74, 118
 547.5, 79, 124
 548, 74, 118
 548.5, 76, 118
 549, 75, 118
 549.5, 75, 118
 550, 83, 118
 550.5, 76, 118
 551, 77, 118
 551.5, 74, 118
 552, 73, 118
 552.5, 76, 118
 553, 75, 118
 553.5, 74, 118
 554, 76, 118
 554.5, 75, 118
 555, 93, 118
 555.5, 76, 118
 556, 76, 118
 556.5, 75, 118
 557, 74, 118
 557.5, 74, 118
 558, 110, 129
 558.5, 76, 118
 559, 75, 118
 559.5, 74, 118
 560, 77, 118
 560.5, 76, 118
 561, 74, 118
 561.5, 72, 118
 562, 76, 118
 562.5, 79, 122
 563, 75, 118
 563.5, 76, 118
 564, 91, 129
 564.5, 75, 118
 565, 75, 118
 565.5, 73, 118
 566, 77, 118
 566.5, 75, 118
 567, 76, 118
 567.5, 70, 120
 568, 74, 118
 568.5, 76, 118
 569, 75, 118
 569.5, 76, 118
 570, 161, 169
 570.5, 76, 131
 571, 73, 118
 571.5, 74, 118
 572, 74, 118
 572.5, 74, 118
 573, 75, 118
 573.5, 75, 118
 574, 75, 118
 574.5, 74, 118
 575, 76, 118
 575.5, 76, 118
 576, 74, 118
 576.5, 75, 118
 577, 74, 118
 577.5, 85, 120
 578, 75, 118
 578.5, 74, 118
 579, 75, 118
 579.5, 76, 118
 580, 125, 186
 580.5, 73, 118
 581, 75, 118
 581.5, 77, 118
 582, 74, 118
 582.5, 74, 118
 583, 76, 118
 583.5, 77, 118
 584, 76, 118
 584.5, 78, 118
 585, 91, 122
 585.5, 76, 118
 586, 76, 118
 586.5, 75, 118
 587, 75, 118
 587.5, 76, 118
 588, 75, 118
 588.5, 78, 118
 589, 74, 118
 589.5, 74, 118
 590, 77, 118
 590.5, 76, 118
 591, 77, 118
 591.5, 76, 118
 592, 75, 118
 592.5, 78, 118
 593, 77, 118
 593.5, 74, 118
 594, 84, 122
 594.5, 74, 118
 595, 75, 118
 595.5, 74, 118
 596, 77, 118
 596.5, 74, 118
 597, 76, 118
 597.5, 77, 118
 598, 76, 118
 598.5, 77, 118
 599, 76, 118
 599.5, 75, 121
 600, 118, 132
 600.5, 76, 119
 601, 77, 118
 601.5, 76, 118
 602, 77, 118
 602.5, 74, 118
 603, 75, 118
 603.5, 77, 118
 604, 76, 118
 604.5, 76, 118
 605, 79, 122
 605.5, 78, 118
 606, 75, 118
 606.5, 75, 120
 607, 76, 118
 607.5, 263, 276
 608, 75, 118
 608.5, 75, 118
 609, 75, 120
 609.5, 74, 118
 610, 246, 312
 610.5, 74, 118
 611, 74, 118
 611.5, 75, 118
 612, 121, 171
 612.5, 75, 118
 613, 79, 118
 613.5, 76, 118
 614, 76, 118
 614.5, 75, 118
 615, 136, 124
 615.5, 74, 119
 616, 74, 118
 616.5, 73, 118
 617, 75, 118
 617.5, 74, 118
 618, 76, 118
 618.5, 75, 118
 619, 73, 118
 619.5, 76, 118
 620, 75, 118
 620.5, 75, 118
 621, 75, 118
 621.5, 74, 123
 622, 76, 118
 622.5, 81, 118
 623, 75, 118
 623.5, 77, 118
 624, 76, 118
 624.5, 76, 118
 625, 78, 119
 625.5, 76, 118
 626, 76, 118
 626.5, 75, 118
 627, 74, 118
 627.5, 77, 118
 628, 74, 118
 628.5, 76, 118
 629, 76, 136
 629.5, 80, 181
 630, 424, 396
 630.5, 87, 399
 631, 82, 148
 631.5, 78, 118
 632, 77, 118
 632.5, 78, 118
 633, 78, 118
 633.5, 77, 118
 634, 75, 118
 634.5, 76, 118
 635, 74, 118
 635.5, 75, 118
 636, 76, 118
 636.5, 77, 118
 637, 75, 118
 637.5, 91, 121
 638, 74, 118
 638.5, 75, 118
 639, 76, 120
 639.5, 73, 118
 640, 98, 118
 640.5, 74, 118
 641, 74, 118
 641.5, 73, 118
 642, 75, 118
 642.5, 76, 118
 643, 76, 118
 643.5, 73, 118
 644, 75, 118
 644.5, 74, 118
 645, 94, 120
 645.5, 73, 118
 646, 75, 118
 646.5, 74, 118
 647, 75, 118
 647.5, 73, 118
 648, 73, 118
 648.5, 74, 118
 649, 75, 118
 649.5, 72, 118
 650, 71, 119
 650.5, 75, 118
 651, 76, 118
 651.5, 75, 118
 652, 76, 118
 652.5, 100, 145
 653, 76, 118
 653.5, 76, 118
 654, 75, 118
 654.5, 73, 118
 655, 136, 187
 655.5, 76, 118
 656, 76, 118
 656.5, 76, 118
 657, 76, 118
 657.5, 76, 118
 658, 74, 118
 658.5, 75, 118
 659, 74, 118
 659.5, 75, 126
 660, 128, 137
 660.5, 74, 121
 661, 74, 118
 661.5, 75, 118
 662, 73, 118
 662.5, 74, 118
 663, 74, 118
 663.5, 76, 118
 664, 73, 118
 664.5, 77, 118
 665, 74, 118
 665.5, 75, 118
 666, 75, 118
 666.5, 75, 118
 667, 74, 118
 667.5, 80, 125
 668, 78, 138
 668.5, 75, 118
 669, 115, 167
 669.5, 73, 118
 670, 67, 118
 670.5, 74, 118
 671, 73, 118
 671.5, 75, 118
 672, 79, 122
 672.5, 76, 121
 673, 75, 118
 673.5, 75, 118
 674, 74, 118
 674.5, 73, 118
 675, 78, 120
 675.5, 74, 118
 676, 74, 118
 676.5, 74, 118
 677, 76, 118
 677.5, 76, 118
 678, 76, 118
 678.5, 75, 118
 679, 75, 118
 679.5, 72, 118
 680, 75, 118
 680.5, 74, 118
 681, 73, 118
 681.5, 76, 118
 682, 76, 118
 682.5, 203, 266
 683, 74, 118
 683.5, 77, 118
 684, 75, 119
 684.5, 77, 118
 685, 74, 118
 685.5, 74, 118
 686, 76, 118
 686.5, 76, 118
 687, 75, 118
 687.5, 74, 118
 688, 77, 118
 688.5, 77, 118
 689, 78, 118
 689.5, 75, 120
 690, 134, 126
 690.5, 71, 122
 691, 73, 118
 691.5, 73, 118
 692, 74, 118
 692.5, 74, 118
 693, 75, 118
 693.5, 74, 118
 694, 74, 118
 694.5, 72, 118
 695, 70, 119
 695.5, 74, 118
 696, 78, 119
 696.5, 74, 240
 697, 74, 118
 697.5, 78, 119
 698, 74, 118
 698.5, 72, 118
 699, 123, 190
 699.5, 73, 118
 700, 71, 119
 700.5, 72, 118
 701, 72, 118
 701.5, 73, 121
 702, 74, 118
 702.5, 72, 118
 703, 74, 118
 703.5, 74, 118
 704, 74, 118
 704.5, 72, 118
 705, 137, 131
 705.5, 74, 118
 706, 72, 118
 706.5, 73, 118
 707, 74, 118
 707.5, 73, 118
 708, 72, 118
 708.5, 73, 118
 709, 74, 118
 709.5, 73, 118
 710, 112, 187
 710.5, 73, 118
 711, 71, 118
 711.5, 73, 118
 712, 74, 118
 712.5, 64, 120
 713, 72, 118
 713.5, 71, 118
 714, 71, 118
 714.5, 73, 118
 715, 73, 118
 715.5, 73, 118
 716, 72, 118
 716.5, 70, 136
 717, 73, 118
 717.5, 72, 118
 718, 72, 118
 718.5, 72, 118
 719, 70, 118
 719.5, 70, 120
 720, 203, 206
 720.5, 73, 118
 721, 72, 118
 721.5, 72, 118
 722, 72, 118
 722.5, 71, 118
 723, 72, 118
 723.5, 72, 118
 724, 74, 118
 724.5, 72, 118
 725, 71, 118
 725.5, 72, 118
 726, 72, 118
 726.5, 72, 118
 727, 73, 118
 727.5, 73, 119
 728, 83, 146
 728.5, 71, 118
 729, 73, 119
 729.5, 73, 118
 730, 77, 118
 730.5, 71, 118
 731, 73, 118
 731.5, 71, 118
 732, 70, 118
 732.5, 71, 118
 733, 70, 118
 733.5, 71, 118
 734, 72, 118
 734.5, 71, 119
 735, 137, 141
 735.5, 70, 118
 736, 72, 118
 736.5, 72, 118
 737, 70, 118
 737.5, 71, 118
 738, 115, 164
 738.5, 70, 118
 739, 71, 118
 739.5, 70, 118
 740, 71, 119
 740.5, 72, 118
 741, 72, 118
 741.5, 71, 118
 742, 71, 118
 742.5, 75, 119
 743, 70, 118
 743.5, 71, 118
 744, 72, 118
 744.5, 71, 118
 745, 72, 118
 745.5, 70, 118
 746, 71, 118
 746.5, 72, 118
 747, 71, 118
 747.5, 70, 118
 748, 70, 118
 748.5, 71, 118
 749, 72, 118
 749.5, 71, 120
 750, 170, 228
 750.5, 70, 119
 751, 71, 118
 751.5, 69, 118
 752, 70, 118
 752.5, 71, 118
 753, 72, 118
 753.5, 71, 118
 754, 71, 118
 754.5, 69, 119
 755, 71, 119
 755.5, 71, 118
 756, 71, 118
 756.5, 70, 118
 757, 72, 118
 757.5, 108, 159
 758, 70, 118
 758.5, 69, 118
 759, 69, 118
 759.5, 70, 118
 760, 177, 231
 760.5, 69, 118
 761, 70, 118
 761.5, 70, 118
 762, 133, 211
 762.5, 68, 118
 763, 70, 118
 763.5, 71, 118
 764, 70, 118
 764.5, 69, 118
 765, 76, 119
 765.5, 70, 118
 766, 71, 118
 766.5, 68, 118
 767, 71, 118
 767.5, 70, 118
 768, 70, 118
 768.5, 69, 118
 769, 70, 119
 769.5, 69, 118
 770, 105, 175
 770.5, 70, 118
 771, 70, 118
 771.5, 69, 119
 772, 69, 118
 772.5, 83, 124
 773, 69, 118
 773.5, 71, 118
 774, 70, 118
 774.5, 69, 118
 775, 69, 119
 775.5, 69, 118
 776, 69, 118
 776.5, 70, 118
 777, 70, 118
 777.5, 70, 118
 778, 69, 118
 778.5, 69, 118
 779, 70, 118
 779.5, 69, 119
 780, 184, 180
 780.5, 68, 161
 781, 68, 118
 781.5, 69, 118
 782, 70, 118
 782.5, 71, 118
 783, 70, 118
 783.5, 71, 118
 784, 68, 118
 784.5, 69, 118
 785, 82, 137
 785.5, 68, 118
 786, 68, 118
 786.5, 70, 118
 787, 69, 118
 787.5, 72, 118
 788, 70, 119
 788.5, 68, 118
 789, 136, 212
 789.5, 69, 118
 790, 69, 120
 790.5, 69, 118
 791, 70, 118
 791.5, 70, 118
 792, 127, 187
 792.5, 70, 118
 793, 70, 118
 793.5, 70, 118
 794, 67, 118
 794.5, 70, 118
 795, 185, 198
 795.5, 68, 118
 796, 69, 118
 796.5, 70, 118
 797, 69, 118
 797.5, 70, 118
 798, 70, 118
 798.5, 69, 118
 799, 68, 118
 799.5, 70, 118
 800, 68, 118
 800.5, 69, 118
 801, 68, 118
 801.5, 71, 118
 802, 68, 118
 802.5, 84, 118
 803, 69, 118
 803.5, 69, 118
 804, 70, 118
 804.5, 70, 118
 805, 71, 119
 805.5, 70, 118
 806, 70, 118
 806.5, 70, 118
 807, 68, 118
 807.5, 69, 118
 808, 69, 118
 808.5, 70, 118
 809, 71, 118
 809.5, 69, 119
 810, 279, 308
 810.5, 70, 118
 811, 69, 118
 811.5, 70, 118
 812, 69, 118
 812.5, 69, 118
 813, 70, 118
 813.5, 70, 118
 814, 70, 118
 814.5, 69, 118
 815, 69, 118
 815.5, 70, 118
 816, 70, 118
 816.5, 69, 118
 817, 70, 118
 817.5, 74, 120
 818, 69, 118
 818.5, 70, 118
 819, 69, 118
 819.5, 69, 118
 820, 76, 119
 820.5, 68, 118
 821, 69, 118
 821.5, 69, 118
 822, 70, 118
 822.5, 68, 118
 823, 69, 118
 823.5, 70, 118
 824, 68, 118
 824.5, 68, 118
 825, 107, 143
 825.5, 71, 118
 826, 68, 118
 826.5, 68, 118
 827, 69, 118
 827.5, 70, 118
 828, 70, 118
 828.5, 69, 118
 829, 68, 118
 829.5, 69, 118
 830, 69, 118
 830.5, 70, 118
 831, 68, 118
 831.5, 68, 118
 832, 70, 118
 832.5, 63, 118
 833, 69, 118
 833.5, 69, 118
 834, 71, 118
 834.5, 70, 118
 835, 69, 118
 835.5, 70, 118
 836, 69, 118
 836.5, 69, 118
 837, 68, 118
 837.5, 68, 118
 838, 69, 118
 838.5, 68, 118
 839, 68, 118
 839.5, 69, 123
 840, 152, 238
 840.5, 69, 216
 841, 69, 118
 841.5, 68, 118
 842, 70, 118
 842.5, 69, 118
 843, 68, 118
 843.5, 70, 118
 844, 69, 118
 844.5, 69, 118
 845, 69, 118
 845.5, 68, 118
 846, 68, 118
 846.5, 70, 118
 847, 70, 118
 847.5, 63, 118
 848, 70, 118
 848.5, 69, 118
 849, 70, 118
 849.5, 69, 118
 850, 71, 118
 850.5, 69, 118
 851, 69, 118
 851.5, 70, 118
 852, 67, 120
 852.5, 69, 118
 853, 69, 118
 853.5, 69, 118
 854, 67, 118
 854.5, 68, 118
 855, 105, 192
 855.5, 70, 118
 856, 69, 118
 856.5, 68, 118
 857, 69, 118
 857.5, 70, 118
 858, 68, 118
 858.5, 67, 118
 859, 69, 118
 859.5, 70, 118
 860, 72, 124
 860.5, 68, 118
 861, 68, 118
 861.5, 69, 118
 862, 68, 118
 862.5, 71, 119
 863, 70, 118
 863.5, 69, 118
 864, 70, 118
 864.5, 70, 118
 865, 70, 118
 865.5, 68, 118
 866, 69, 118
 866.5, 66, 118
 867, 69, 118
 867.5, 69, 118
 868, 68, 118
 868.5, 71, 118
 869, 69, 118
 869.5, 68, 119
 870, 153, 170
 870.5, 68, 118
 871, 70, 118
 871.5, 68, 118
 872, 70, 118
 872.5, 69, 118
 873, 70, 118
 873.5, 70, 118
 874, 69, 118
 874.5, 69, 118
 875, 67, 118
 875.5, 71, 118
 876, 70, 118
 876.5, 70, 118
 877, 71, 118
 877.5, 77, 122
 878, 70, 118
 878.5, 71, 118
 879, 69, 118
 879.5, 69, 118
 880, 140, 199
 880.5, 68, 118
 881, 69, 118
 881.5, 69, 118
 882, 70, 118
 882.5, 69, 118
 883, 69, 118
 883.5, 70, 118
 884, 70, 118
 884.5, 70, 118
 885, 222, 275
 885.5, 70, 118
 886, 70, 118
 886.5, 70, 118
 887, 69, 118
 887.5, 69, 118
 888, 70, 118
 888.5, 71, 118
 889, 70, 118
 889.5, 70, 118
 890, 70, 118
 890.5, 71, 118
 891, 68, 118
 891.5, 69, 118
 892, 70, 119
 892.5, 70, 118
 893, 70, 118
 893.5, 70, 118
 894, 69, 139
 894.5, 72, 119
 895, 71, 119
 895.5, 69, 119
 896, 72, 119
 896.5, 69, 121
 897, 69, 123
 897.5, 75, 142
 898, 78, 151
 898.5, 84, 169
 899, 98, 273
 899.5, 112, 499
 900, 483, 503
 900.5, 129, 303
 901, 96, 257
 901.5, 80, 153
 902, 71, 135
 902.5, 72, 125
 903, 71, 120
 903.5, 71, 123
 904, 74, 119
 904.5, 69, 118
 905, 73, 124
 905.5, 68, 118
 906, 71, 118
 906.5, 71, 118
 907, 69, 118
 907.5, 75, 118
 908, 69, 118
 908.5, 69, 118
 909, 68, 118
 909.5, 69, 118
 910, 68, 118
 910.5, 70, 118
 911, 69, 118
 911.5, 70, 118
 912, 68, 118
 912.5, 71, 126
 913, 68, 118
 913.5, 69, 118
 914, 69, 118
 914.5, 68, 118
 915, 253, 119
 915.5, 68, 118
 916, 70, 119
 916.5, 68, 118
 917, 69, 118
 917.5, 68, 118
 918, 69, 119
 918.5, 69, 118
 919, 70, 118
 919.5, 68, 118
 920, 58, 118
 920.5, 66, 118
 921, 68, 118
 921.5, 68, 118
 922, 67, 118
 922.5, 272, 262
 923, 68, 118
 923.5, 69, 118
 924, 67, 118
 924.5, 67, 118
 925, 69, 119
 925.5, 68, 118
 926, 68, 118
 926.5, 68, 118
 927, 66, 118
 927.5, 68, 118
 928, 66, 118
 928.5, 66, 118
 929, 65, 118
 929.5, 65, 118
 930, 93, 122
 930.5, 65, 118
 931, 73, 122
 931.5, 67, 118
 932, 66, 118
 932.5, 66, 118
 933, 65, 118
 933.5, 66, 117
 934, 65, 118
 934.5, 66, 118
 935, 71, 120
 935.5, 66, 118
 936, 66, 118
 936.5, 69, 118
 937, 68, 117
 937.5, 67, 118
 938, 65, 117
 938.5, 69, 117
 939, 66, 117
 939.5, 66, 117
 940, 69, 118
 940.5, 67, 118
 941, 68, 117
 941.5, 67, 117
 942, 68, 119
 942.5, 66, 117
 943, 67, 117
 943.5, 66, 117
 944, 66, 117
 944.5, 67, 117
 945, 100, 118
 945.5, 67, 117
 946, 66, 117
 946.5, 67, 117
 947, 68, 117
 947.5, 65, 117
 948, 67, 117
 948.5, 66, 117
 949, 66, 117
 949.5, 67, 117
 950, 69, 117
 950.5, 66, 117
 951, 66, 117
 951.5, 66, 117
 952, 64, 117
 952.5, 68, 117
 953, 69, 117
 953.5, 67, 117
 954, 67, 117
 954.5, 67, 117
 955, 66, 118
 955.5, 67, 117
 956, 66, 117
 956.5, 67, 117
 957, 68, 117
 957.5, 67, 117
 958, 68, 117
 958.5, 66, 117
 959, 68, 117
 959.5, 66, 127
 960, 125, 135
 960.5, 66, 117
 961, 67, 117
 961.5, 67, 117
 962, 67, 117
 962.5, 67, 117
 963, 66, 117
 963.5, 67, 117
 964, 68, 117
 964.5, 67, 117
 965, 66, 117
 965.5, 66, 117
 966, 67, 117
 966.5, 66, 117
 967, 66, 117
 967.5, 71, 120
 968, 67, 117
 968.5, 68, 117
 969, 67, 117
 969.5, 65, 117
 970, 70, 117
 970.5, 66, 117
 971, 66, 117
 971.5, 67, 117
 972, 105, 174
 972.5, 66, 117
 973, 67, 117
 973.5, 66, 117
 974, 67, 117
 974.5, 66, 117
 975, 158, 149
 975.5, 67, 119
 976, 66, 117
 976.5, 66, 117
 977, 66, 117
 977.5, 67, 117
 978, 67, 117
 978.5, 67, 117
 979, 67, 117
 979.5, 66, 117
 980, 66, 117
 980.5, 67, 117
 981, 66, 117
 981.5, 66, 117
 982, 66, 117
 982.5, 69, 117
 983, 67, 117
 983.5, 67, 117
 984, 66, 117
 984.5, 65, 117
 985, 68, 118
 985.5, 66, 117
 986, 67, 117
 986.5, 66, 117
 987, 67, 117
 987.5, 67, 117
 988, 66, 117
 988.5, 66, 117
 989, 67, 117
 989.5, 66, 119
 990, 104, 120
 990.5, 66, 118
 991, 67, 117
 991.5, 67, 117
 992, 67, 117
 992.5, 66, 117
 993, 67, 117
 993.5, 68, 117
 994, 67, 117
 994.5, 68, 117
 995, 70, 118
 995.5, 67, 117
 996, 68, 117
 996.5, 65, 117
 997, 67, 117
 997.5, 92, 121
 998, 67, 117
 998.5, 66, 117
 999, 66, 117
 999.5, 67, 117
 1000, 65, 117
 1000.5, 66, 117
 1001, 65, 117
 1001.5, 65, 117
 1002, 66, 117
 1002.5, 68, 117
 1003, 68, 117
 1003.5, 67, 117
 1004, 68, 117
 1004.5, 67, 117
 1005, 228, 118
 1005.5, 68, 118
 1006, 67, 117
 1006.5, 66, 117
 1007, 67, 117
 1007.5, 68, 117
 1008, 66, 117
 1008.5, 66, 117
 1009, 67, 117
 1009.5, 65, 117
 1010, 67, 117
 1010.5, 68, 117
 1011, 68, 117
 1011.5, 67, 117
 1012, 68, 117
 1012.5, 69, 118
 1013, 68, 117
 1013.5, 67, 117
 1014, 67, 117
 1014.5, 67, 117
 1015, 69, 117
 1015.5, 67, 117
 1016, 69, 117
 1016.5, 68, 117
 1017, 67, 117
 1017.5, 68, 117
 1018, 67, 117
 1018.5, 67, 117
 1019, 68, 117
 1019.5, 68, 126
 1020, 128, 143
 1020.5, 69, 118
 1021, 67, 117
 1021.5, 66, 117
 1022, 67, 117
 1022.5, 68, 117
 1023, 67, 117
 1023.5, 67, 117
 1024, 68, 117
 1024.5, 67, 117
 1025, 70, 117
 1025.5, 68, 117
 1026, 67, 117
 1026.5, 66, 117
 1027, 67, 117
 1027.5, 72, 120
 1028, 68, 117
 1028.5, 68, 117
 1029, 69, 117
 1029.5, 68, 117
 1030, 69, 117
 1030.5, 68, 117
 1031, 68, 117
 1031.5, 68, 117
 1032, 67, 117
 1032.5, 68, 117
 1033, 69, 117
 1033.5, 69, 117
 1034, 68, 117
 1034.5, 69, 117
 1035, 160, 131
 1035.5, 67, 117
 1036, 67, 117
 1036.5, 68, 117
 1037, 67, 117
 1037.5, 66, 117
 1038, 66, 117
 1038.5, 67, 117
 1039, 67, 117
 1039.5, 67, 117
 1040, 68, 117
 1040.5, 68, 117
 1041, 91, 119
 1041.5, 68, 117
 1042, 68, 117
 1042.5, 68, 117
 1043, 69, 117
 1043.5, 67, 117
 1044, 67, 117
 1044.5, 69, 117
 1045, 66, 117
 1045.5, 67, 117
 1046, 67, 117
 1046.5, 67, 117
 1047, 68, 117
 1047.5, 69, 117
 1048, 66, 117
 1048.5, 68, 117
 1049, 67, 117
 1049.5, 68, 119
 1050, 103, 127
 1050.5, 67, 118
 1051, 67, 117
 1051.5, 69, 117
 1052, 66, 117
 1052.5, 67, 117
 1053, 69, 117
 1053.5, 68, 117
 1054, 67, 117
 1054.5, 67, 117
 1055, 67, 117
 1055.5, 69, 117
 1056, 70, 118
 1056.5, 69, 117
 1057, 68, 118
 1057.5, 278, 296
 1058, 69, 118
 1058.5, 69, 117
 1059, 70, 117
 1059.5, 68, 117
 1060, 73, 118
 1060.5, 69, 117
 1061, 68, 117
 1061.5, 70, 117
 1062, 68, 117
 1062.5, 68, 117
 1063, 69, 117
 1063.5, 68, 117
 1064, 67, 117
 1064.5, 69, 118
 1065, 178, 189
 1065.5, 68, 117
 1066, 69, 117
 1066.5, 69, 117
 1067, 69, 117
 1067.5, 68, 117
 1068, 69, 117
 1068.5, 69, 117
 1069, 69, 117
 1069.5, 68, 117
 1070, 69, 118
 1070.5, 69, 117
 1071, 69, 117
 1071.5, 69, 117
 1072, 68, 117
 1072.5, 88, 117
 1073, 69, 117
 1073.5, 68, 117
 1074, 68, 117
 1074.5, 70, 117
 1075, 70, 117
 1075.5, 70, 117
 1076, 70, 117
 1076.5, 67, 117
 1077, 66, 118
 1077.5, 69, 117
 1078, 68, 117
 1078.5, 69, 117
 1079, 67, 117
 1079.5, 68, 124
 1080, 106, 125
 1080.5, 69, 118
 1081, 67, 117
 1081.5, 67, 117
 1082, 69, 117
 1082.5, 67, 117
 1083, 70, 118
 1083.5, 69, 117
 1084, 68, 117
 1084.5, 67, 117
 1085, 67, 117
 1085.5, 69, 117
 1086, 67, 117
 1086.5, 70, 117
 1087, 68, 117
 1087.5, 71, 118
 1088, 69, 117
 1088.5, 70, 118
 1089, 69, 118
 1089.5, 68, 118
 1090, 94, 163
 1090.5, 69, 117
 1091, 69, 118
 1091.5, 72, 118
 1092, 69, 117
 1092.5, 71, 118
 1093, 70, 118
 1093.5, 71, 118
 1094, 70, 118
 1094.5, 72, 117
 1095, 82, 123
 1095.5, 69, 118
 1096, 69, 117
 1096.5, 71, 117
 1097, 68, 117
 1097.5, 69, 117
 1098, 97, 158
 1098.5, 71, 117
 1099, 71, 117
 1099.5, 71, 117
 1100, 72, 118
 1100.5, 70, 117
 1101, 72, 118
 1101.5, 71, 117
 1102, 72, 117
 1102.5, 72, 122
 1103, 70, 117
 1103.5, 70, 117
 1104, 71, 117
 1104.5, 70, 118
 1105, 71, 118
 1105.5, 71, 117
 1106, 71, 117
 1106.5, 70, 118
 1107, 71, 117
 1107.5, 71, 117
 1108, 70, 117
 1108.5, 71, 117
 1109, 70, 118
 1109.5, 68, 140
 1110, 278, 356
 1110.5, 72, 119
 1111, 71, 117
 1111.5, 73, 117
 1112, 72, 117
 1112.5, 70, 118
 1113, 71, 117
 1113.5, 70, 117
 1114, 69, 117
 1114.5, 69, 117
 1115, 69, 117
 1115.5, 69, 117
 1116, 70, 117
 1116.5, 70, 117
 1117, 70, 118
 1117.5, 88, 131
 1118, 72, 118
 1118.5, 69, 118
 1119, 70, 117
 1119.5, 72, 117
 1120, 71, 118
 1120.5, 72, 117
 1121, 70, 118
 1121.5, 72, 118
 1122, 70, 118
 1122.5, 71, 117
 1123, 69, 118
 1123.5, 71, 117
 1124, 71, 117
 1124.5, 71, 118
 1125, 74, 118
 1125.5, 70, 117
 1126, 71, 118
 1126.5, 72, 117
 1127, 70, 118
 1127.5, 72, 117
 1128, 71, 117
 1128.5, 72, 117
 1129, 69, 117
 1129.5, 72, 117
 1130, 70, 118
 1130.5, 70, 117
 1131, 72, 118
 1131.5, 72, 121
 1132, 72, 117
 1132.5, 70, 118
 1133, 71, 118
 1133.5, 70, 117
 1134, 71, 117
 1134.5, 71, 117
 1135, 76, 118
 1135.5, 69, 117
 1136, 71, 117
 1136.5, 71, 117
 1137, 71, 117
 1137.5, 69, 117
 1138, 69, 117
 1138.5, 70, 117
 1139, 69, 117
 1139.5, 70, 121
 1140, 99, 124
 1140.5, 70, 118
 1141, 69, 118
 1141.5, 71, 118
 1142, 70, 118
 1142.5, 69, 117
 1143, 70, 117
 1143.5, 69, 117
 1144, 69, 118
 1144.5, 69, 117
 1145, 69, 118
 1145.5, 69, 117
 1146, 69, 117
 1146.5, 69, 117
 1147, 72, 117
 1147.5, 63, 118
 1148, 71, 117
 1148.5, 68, 117
 1149, 71, 118
 1149.5, 70, 117
 1150, 76, 119
 1150.5, 70, 117
 1151, 70, 117
 1151.5, 71, 118
 1152, 225, 283
 1152.5, 71, 118
 1153, 69, 117
 1153.5, 70, 117
 1154, 68, 117
 1154.5, 68, 118
 1155, 182, 163
 1155.5, 67, 158
 1156, 71, 117
 1156.5, 71, 121
 1157, 70, 117
 1157.5, 69, 117
 1158, 70, 117
 1158.5, 71, 117
 1159, 68, 117
 1159.5, 69, 118
 1160, 72, 119
 1160.5, 70, 117
 1161, 68, 117
 1161.5, 68, 118
 1162, 70, 117
 1162.5, 136, 193
 1163, 70, 117
 1163.5, 70, 117
 1164, 70, 117
 1164.5, 70, 117
 1165, 73, 117
 1165.5, 69, 117
 1166, 70, 117
 1166.5, 69, 117
 1167, 81, 118
 1167.5, 68, 117
 1168, 68, 117
 1168.5, 68, 117
 1169, 70, 117
 1169.5, 68, 118
 1170, 181, 238
 1170.5, 67, 118
 1171, 68, 117
 1171.5, 69, 117
 1172, 68, 117
 1172.5, 69, 117
 1173, 72, 117
 1173.5, 68, 117
 1174, 69, 117
 1174.5, 70, 117
 1175, 67, 118
 1175.5, 68, 117
 1176, 68, 117
 1176.5, 67, 117
 1177, 68, 117
 1177.5, 67, 118
 1178, 68, 117
 1178.5, 67, 117
 1179, 69, 117
 1179.5, 69, 117
 1180, 130, 196
 1180.5, 67, 117
 1181, 68, 117
 1181.5, 68, 117
 1182, 69, 117
 1182.5, 69, 117
 1183, 68, 117
 1183.5, 90, 159
 1184, 70, 117
 1184.5, 70, 117
 1185, 102, 171
 1185.5, 70, 126
 1186, 68, 117
 1186.5, 68, 117
 1187, 70, 117
 1187.5, 68, 117
 1188, 68, 117
 1188.5, 68, 117
 1189, 67, 117
 1189.5, 68, 117
 1190, 67, 117
 1190.5, 69, 117
 1191, 70, 117
 1191.5, 69, 118
 1192, 69, 117
 1192.5, 75, 123
 1193, 71, 117
 1193.5, 70, 117
 1194, 74, 120
 1194.5, 68, 117
 1195, 75, 120
 1195.5, 69, 117
 1196, 69, 117
 1196.5, 68, 117
 1197, 68, 117
 1197.5, 68, 118
 1198, 68, 117
 1198.5, 68, 117
 1199, 69, 117
 1199.5, 69, 118
 1200, 133, 191
 1200.5, 70, 118
 1201, 68, 117
 1201.5, 69, 117
 1202, 69, 117
 1202.5, 69, 117
 1203, 69, 119
 1203.5, 70, 117
 1204, 71, 118
 1204.5, 71, 117
 1205, 70, 119
 1205.5, 67, 117
 1206, 68, 117
 1206.5, 69, 118
 1207, 72, 117
 1207.5, 87, 138
 1208, 71, 117
 1208.5, 70, 117
 1209, 81, 119
 1209.5, 71, 117
 1210, 77, 122
 1210.5, 70, 117
 1211, 71, 117
 1211.5, 70, 117
 1212, 71, 117
 1212.5, 71, 117
 1213, 71, 117
 1213.5, 71, 117
 1214, 69, 117
 1214.5, 70, 117
 1215, 69, 117
 1215.5, 71, 117
 1216, 70, 117
 1216.5, 72, 117
 1217, 71, 117
 1217.5, 70, 117
 1218, 70, 118
 1218.5, 71, 117
 1219, 71, 117
 1219.5, 70, 117
 1220, 70, 119
 1220.5, 71, 117
 1221, 70, 117
 1221.5, 71, 118
 1222, 69, 117
 1222.5, 122, 129
 1223, 71, 117
 1223.5, 70, 118
 1224, 69, 117
 1224.5, 71, 117
 1225, 108, 122
 1225.5, 69, 117
 1226, 70, 117
 1226.5, 71, 118
 1227, 71, 118
 1227.5, 70, 117
 1228, 70, 117
 1228.5, 71, 117
 1229, 70, 117
 1229.5, 70, 118
 1230, 150, 235
 1230.5, 69, 118
 1231, 69, 117
 1231.5, 69, 117
 1232, 69, 117
 1232.5, 70, 118
 1233, 69, 117
 1233.5, 69, 117
 1234, 70, 117
 1234.5, 68, 117
 1235, 67, 118
 1235.5, 69, 118
 1236, 70, 118
 1236.5, 69, 117
 1237, 70, 118
 1237.5, 74, 118
 1238, 69, 117
 1238.5, 69, 117
 1239, 69, 117
 1239.5, 69, 117
 1240, 69, 118
 1240.5, 68, 118
 1241, 69, 117
 1241.5, 69, 117
 1242, 66, 118
 1242.5, 71, 117
 1243, 68, 117
 1243.5, 68, 117
 1244, 69, 118
 1244.5, 69, 137
 1245, 173, 163
 1245.5, 70, 117
 1246, 69, 117
 1246.5, 73, 124
 1247, 70, 117
 1247.5, 70, 117
 1248, 72, 117
 1248.5, 71, 118
 1249, 69, 118
 1249.5, 70, 118
 1250, 74, 122
 1250.5, 70, 117
 1251, 71, 118
 1251.5, 69, 118
 1252, 69, 118
 1252.5, 63, 118
 1253, 70, 118
 1253.5, 71, 118
 1254, 70, 118
 1254.5, 68, 117
 1255, 72, 118
 1255.5, 69, 117
 1256, 70, 117
 1256.5, 69, 117
 1257, 68, 118
 1257.5, 69, 118
 1258, 70, 117
 1258.5, 69, 118
 1259, 69, 117
 1259.5, 71, 118
 1260, 116, 151
 1260.5, 70, 118
 1261, 70, 118
 1261.5, 70, 118
 1262, 70, 117
 1262.5, 69, 117
 1263, 68, 118
 1263.5, 69, 117
 1264, 71, 117
 1264.5, 69, 117
 1265, 66, 118
 1265.5, 70, 117
 1266, 68, 117
 1266.5, 70, 118
 1267, 70, 117
 1267.5, 127, 177
 1268, 70, 117
 1268.5, 70, 118
 1269, 70, 117
 1269.5, 70, 117
 1270, 70, 117
 1270.5, 72, 118
 1271, 70, 118
 1271.5, 70, 118
 1272, 69, 117
 1272.5, 69, 118
 1273, 69, 118
 1273.5, 71, 118
 1274, 70, 118
 1274.5, 71, 120
 1275, 101, 138
 1275.5, 71, 117
 1276, 69, 118
 1276.5, 68, 118
 1277, 70, 118
 1277.5, 69, 118
 1278, 128, 189
 1278.5, 70, 117
 1279, 70, 118
 1279.5, 69, 118
 1280, 69, 118
 1280.5, 69, 117
 1281, 71, 118
 1281.5, 69, 118
 1282, 71, 118
 1282.5, 70, 118
 1283, 70, 118
 1283.5, 70, 118
 1284, 69, 118
 1284.5, 71, 118
 1285, 72, 118
 1285.5, 70, 117
 1286, 70, 118
 1286.5, 70, 118
 1287, 70, 118
 1287.5, 69, 118
 1288, 69, 118
 1288.5, 72, 118
 1289, 70, 118
 1289.5, 70, 118
 1290, 93, 119
 1290.5, 70, 118
 1291, 72, 118
 1291.5, 70, 118
 1292, 69, 118
 1292.5, 70, 117
 1293, 70, 117
 1293.5, 70, 118
 1294, 70, 117
 1294.5, 71, 118
 1295, 70, 118
 1295.5, 70, 118
 1296, 69, 117
 1296.5, 70, 117
 1297, 70, 118
 1297.5, 71, 118
 1298, 71, 118
 1298.5, 71, 118
 1299, 68, 118
 1299.5, 70, 118
 1300, 67, 118
 1300.5, 70, 118
 1301, 69, 118
 1301.5, 69, 118
 1302, 70, 118
 1302.5, 69, 118
 1303, 69, 118
 1303.5, 71, 118
 1304, 69, 118
 1304.5, 67, 118
 1305, 85, 124
 1305.5, 69, 118
 1306, 69, 118
 1306.5, 72, 118
 1307, 68, 118
 1307.5, 69, 118
 1308, 70, 118
 1308.5, 71, 118
 1309, 70, 118
 1309.5, 69, 118
 1310, 71, 118
 1310.5, 70, 118
 1311, 70, 118
 1311.5, 69, 118
 1312, 70, 118
 1312.5, 70, 119
 1313, 71, 118
 1313.5, 71, 118
 1314, 70, 117
 1314.5, 69, 118
 1315, 71, 118
 1315.5, 71, 118
 1316, 70, 118
 1316.5, 69, 118
 1317, 72, 118
 1317.5, 70, 118
 1318, 69, 118
 1318.5, 70, 118
 1319, 71, 118
 1319.5, 70, 119
 1320, 162, 225
 1320.5, 70, 118
 1321, 71, 118
 1321.5, 71, 118
 1322, 70, 118
 1322.5, 69, 118
 1323, 70, 118
 1323.5, 71, 118
 1324, 70, 118
 1324.5, 71, 118
 1325, 72, 118
 1325.5, 70, 118
 1326, 70, 118
 1326.5, 70, 118
 1327, 72, 118
 1327.5, 70, 119
 1328, 71, 118
 1328.5, 69, 118
 1329, 72, 118
 1329.5, 69, 118
 1330, 72, 118
 1330.5, 72, 118
 1331, 70, 118
 1331.5, 73, 118
 1332, 75, 118
 1332.5, 71, 118
 1333, 71, 118
 1333.5, 71, 118
 1334, 72, 118
 1334.5, 70, 118
 1335, 181, 251
 1335.5, 71, 118
 1336, 70, 118
 1336.5, 70, 118
 1337, 71, 118
 1337.5, 70, 118
 1338, 72, 118
 1338.5, 71, 118
 1339, 71, 118
 1339.5, 69, 118
 1340, 73, 118
 1340.5, 70, 118
 1341, 70, 118
 1341.5, 72, 118
 1342, 71, 118
 1342.5, 123, 118
 1343, 69, 118
 1343.5, 70, 118
 1344, 72, 118
 1344.5, 72, 118
 1345, 70, 118
 1345.5, 74, 118
 1346, 69, 118
 1346.5, 73, 118
 1347, 71, 118
 1347.5, 71, 118
 1348, 71, 118
 1348.5, 72, 118
 1349, 72, 118
 1349.5, 72, 118
 1350, 126, 120
 1350.5, 71, 118
 1351, 72, 118
 1351.5, 71, 118
 1352, 71, 118
 1352.5, 72, 118
 1353, 74, 118
 1353.5, 72, 118
 1354, 72, 118
 1354.5, 70, 118
 1355, 72, 118
 1355.5, 72, 118
 1356, 71, 118
 1356.5, 72, 118
 1357, 71, 118
 1357.5, 73, 118
 1358, 70, 118
 1358.5, 70, 118
 1359, 70, 118
 1359.5, 71, 118
 1360, 72, 118
 1360.5, 72, 118
 1361, 71, 118
 1361.5, 71, 118
 1362, 73, 118
 1362.5, 73, 118
 1363, 71, 118
 1363.5, 71, 118
 1364, 72, 118
 1364.5, 71, 118
 1365, 73, 118
 1365.5, 71, 118
 1366, 70, 118
 1366.5, 71, 118
 1367, 71, 118
 1367.5, 71, 118
 1368, 71, 118
 1368.5, 71, 118
 1369, 71, 118
 1369.5, 73, 118
 1370, 71, 118
 1370.5, 71, 118
 1371, 72, 118
 1371.5, 71, 118
 1372, 73, 118
 1372.5, 112, 189
 1373, 70, 118
 1373.5, 72, 118
 1374, 74, 118
 1374.5, 73, 118
 1375, 72, 118
 1375.5, 72, 118
 1376, 71, 118
 1376.5, 71, 118
 1377, 71, 118
 1377.5, 70, 118
 1378, 71, 118
 1378.5, 72, 118
 1379, 72, 118
 1379.5, 72, 118
 1380, 234, 198
 1380.5, 73, 193
 1381, 71, 118
 1381.5, 72, 118
 1382, 71, 118
 1382.5, 70, 118
 1383, 71, 118
 1383.5, 72, 118
 1384, 72, 118
 1384.5, 74, 118
 1385, 72, 118
 1385.5, 71, 118
 1386, 71, 118
 1386.5, 75, 118
 1387, 71, 118
 1387.5, 104, 118
 1388, 73, 118
 1388.5, 71, 118
 1389, 73, 118
 1389.5, 72, 118
 1390, 72, 118
 1390.5, 72, 118
 1391, 72, 118
 1391.5, 69, 118
 1392, 71, 118
 1392.5, 73, 118
 1393, 73, 118
 1393.5, 72, 118
 1394, 73, 118
 1394.5, 73, 118
 1395, 82, 118
 1395.5, 72, 118
 1396, 71, 118
 1396.5, 70, 118
 1397, 72, 118
 1397.5, 73, 118
 1398, 72, 118
 1398.5, 74, 118
 1399, 71, 118
 1399.5, 69, 118
 1400, 68, 118
 1400.5, 71, 118
 1401, 71, 118
 1401.5, 71, 118
 1402, 73, 118
 1402.5, 70, 118
 1403, 73, 118
 1403.5, 72, 118
 1404, 72, 118
 1404.5, 72, 118
 1405, 73, 118
 1405.5, 70, 118
 1406, 71, 118
 1406.5, 73, 118
 1407, 72, 118
 1407.5, 71, 118
 1408, 73, 118
 1408.5, 72, 118
 1409, 72, 118
 1409.5, 71, 118
 1410, 172, 234
 1410.5, 71, 118
 1411, 72, 118
 1411.5, 71, 118
 1412, 70, 118
 1412.5, 71, 118
 1413, 71, 118
 1413.5, 70, 118
 1414, 71, 118
 1414.5, 71, 118
 1415, 69, 118
 1415.5, 71, 118
 1416, 75, 118
 1416.5, 72, 118
 1417, 74, 118
 1417.5, 65, 118
 1418, 72, 118
 1418.5, 71, 118
 1419, 73, 118
 1419.5, 72, 118
 1420, 71, 118
 1420.5, 73, 118
 1421, 72, 118
 1421.5, 72, 118
 1422, 69, 118
 1422.5, 72, 118
 1423, 72, 118
 1423.5, 69, 118
 1424, 70, 118
 1424.5, 73, 140
 1425, 153, 146
 1425.5, 72, 118
 1426, 71, 118
 1426.5, 69, 118
 1427, 72, 118
 1427.5, 72, 118
 1428, 69, 118
 1428.5, 71, 118
 1429, 71, 118
 1429.5, 71, 118
 1430, 74, 118
 1430.5, 70, 118
 1431, 70, 118
 1431.5, 71, 118
 1432, 72, 118
 1432.5, 73, 118
 1433, 72, 118
 1433.5, 71, 118
 1434, 69, 118
 1434.5, 71, 118
 1435, 92, 124
 1435.5, 72, 118
 1436, 71, 118
 1436.5, 68, 118
 1437, 71, 118
 1437.5, 74, 118
 1438, 71, 118
 1438.5, 71, 118
 1439, 72, 118
 1439.5, 70, 119
 1440, 115, 122
 1440.5, 71, 118
 1441, 72, 118
 1441.5, 72, 118
 1442, 72, 118
 1442.5, 70, 118
 1443, 72, 118
 1443.5, 71, 118
 1444, 69, 118
 1444.5, 73, 118
 1445, 68, 118
 1445.5, 73, 118
 1446, 70, 118
 1446.5, 72, 118
 1447, 71, 118
 1447.5, 149, 183
 1448, 73, 118
 1448.5, 70, 118
 1449, 72, 118
 1449.5, 72, 118
 1450, 71, 118
 1450.5, 71, 118
 1451, 72, 118
 1451.5, 72, 118
 1452, 72, 118
 1452.5, 71, 118
 1453, 69, 118
 1453.5, 74, 118
 1454, 71, 118
 1454.5, 71, 133
 1455, 180, 133
 1455.5, 72, 118
 1456, 71, 118
 1456.5, 70, 118
 1457, 72, 118
 1457.5, 72, 118
 1458, 72, 119
 1458.5, 73, 118
 1459, 72, 118
 1459.5, 71, 118
 1460, 73, 119
 1460.5, 71, 118
 1461, 73, 118
 1461.5, 73, 118
 1462, 73, 118
 1462.5, 71, 118
 1463, 72, 118
 1463.5, 73, 118
 1464, 73, 118
 1464.5, 74, 118
 1465, 72, 118
 1465.5, 71, 118
 1466, 72, 118
 1466.5, 75, 118
 1467, 71, 118
 1467.5, 72, 118
 1468, 73, 118
 1468.5, 71, 118
 1469, 74, 118
 1469.5, 72, 118
 1470, 102, 120
 1470.5, 71, 119
 1471, 73, 118
 1471.5, 72, 118
 1472, 74, 118
 1472.5, 72, 118
 1473, 72, 118
 1473.5, 71, 118
 1474, 73, 118
 1474.5, 71, 118
 1475, 73, 118
 1475.5, 71, 118
 1476, 71, 118
 1476.5, 74, 118
 1477, 71, 118
 1477.5, 60, 118
 1478, 72, 118
 1478.5, 71, 118
 1479, 75, 118
 1479.5, 70, 118
 1480, 98, 161
 1480.5, 71, 118
 1481, 71, 118
 1481.5, 74, 118
 1482, 72, 118
 1482.5, 72, 118
 1483, 75, 118
 1483.5, 72, 118
 1484, 70, 118
 1484.5, 72, 118
 1485, 95, 118
 1485.5, 72, 118
 1486, 71, 118
 1486.5, 73, 118
 1487, 71, 118
 1487.5, 71, 118
 1488, 73, 118
 1488.5, 72, 118
 1489, 71, 118
 1489.5, 72, 118
 1490, 72, 118
 1490.5, 72, 118
 1491, 71, 118
 1491.5, 73, 118
 1492, 73, 118
 1492.5, 80, 118
 1493, 74, 118
 1493.5, 72, 118
 1494, 72, 118
 1494.5, 73, 118
 1495, 76, 118
 1495.5, 71, 118
 1496, 73, 118
 1496.5, 73, 118
 1497, 72, 118
 1497.5, 74, 118
 1498, 72, 118
 1498.5, 73, 118
 1499, 73, 118
 1499.5, 73, 118
 1500, 110, 123
 1500.5, 72, 118
 1501, 71, 118
 1501.5, 71, 118
 1502, 72, 118
 1502.5, 73, 118
 1503, 72, 118
 1503.5, 73, 118
 1504, 71, 118
 1504.5, 74, 118
 1505, 75, 120
 1505.5, 72, 118
 1506, 72, 118
 1506.5, 72, 118
 1507, 71, 118
 1507.5, 165, 240
 1508, 73, 118
 1508.5, 72, 118
 1509, 71, 118
 1509.5, 73, 118
 1510, 74, 118
 1510.5, 73, 118
 1511, 72, 118
 1511.5, 71, 118
 1512, 75, 118
 1512.5, 72, 118
 1513, 71, 118
 1513.5, 72, 118
 1514, 70, 118
 1514.5, 73, 118
 1515, 103, 125
 1515.5, 70, 118
 1516, 71, 118
 1516.5, 73, 118
 1517, 71, 118
 1517.5, 70, 118
 1518, 73, 118
 1518.5, 71, 118
 1519, 73, 118
 1519.5, 72, 118
 1520, 72, 118
 1520.5, 72, 118
 1521, 71, 118
 1521.5, 72, 118
 1522, 72, 118
 1522.5, 76, 118
 1523, 74, 118
 1523.5, 73, 118
 1524, 73, 118
 1524.5, 73, 118
 1525, 184, 165
 1525.5, 73, 118
 1526, 74, 118
 1526.5, 70, 118
 1527, 72, 118
 1527.5, 73, 118
 1528, 70, 118
 1528.5, 74, 118
 1529, 73, 165
 1529.5, 75, 212
 1530, 431, 429
 1530.5, 70, 419
 1531, 72, 176
 1531.5, 73, 119
 1532, 73, 118
 1532.5, 71, 118
 1533, 72, 118
 1533.5, 71, 118
 1534, 70, 118
 1534.5, 71, 118
 1535, 73, 118
 1535.5, 70, 118
 1536, 69, 118
 1536.5, 70, 118
 1537, 71, 118
 1537.5, 72, 118
 1538, 70, 118
 1538.5, 71, 118
 1539, 70, 118
 1539.5, 71, 118
 1540, 70, 118
 1540.5, 70, 118
 1541, 72, 118
 1541.5, 71, 118
 1542, 71, 118
 1542.5, 71, 118
 1543, 73, 118
 1543.5, 71, 118
 1544, 70, 118
 1544.5, 69, 118
 1545, 212, 141
 1545.5, 73, 118
 1546, 73, 118
 1546.5, 71, 118
 1547, 71, 118
 1547.5, 71, 118
 1548, 71, 118
 1548.5, 70, 118
 1549, 71, 118
 1549.5, 72, 118
 1550, 71, 118
 1550.5, 70, 118
 1551, 71, 118
 1551.5, 72, 118
 1552, 71, 118
 1552.5, 71, 118
 1553, 70, 118
 1553.5, 72, 118
 1554, 70, 118
 1554.5, 72, 118
 1555, 70, 118
 1555.5, 71, 118
 1556, 72, 118
 1556.5, 72, 118
 1557, 71, 118
 1557.5, 70, 118
 1558, 72, 118
 1558.5, 71, 118
 1559, 70, 118
 1559.5, 72, 120
 1560, 110, 127
 1560.5, 70, 120
 1561, 72, 118
 1561.5, 72, 118
 1562, 71, 118
 1562.5, 73, 118
 1563, 72, 118
 1563.5, 72, 118
 1564, 70, 118
 1564.5, 71, 118
 1565, 71, 118
 1565.5, 71, 118
 1566, 70, 118
 1566.5, 71, 118
 1567, 73, 118
 1567.5, 68, 118
 1568, 71, 118
 1568.5, 69, 118
 1569, 70, 118
 1569.5, 70, 118
 1570, 68, 118
 1570.5, 71, 118
 1571, 70, 118
 1571.5, 71, 118
 1572, 69, 118
 1572.5, 68, 118
 1573, 70, 118
 1573.5, 71, 118
 1574, 70, 118
 1574.5, 71, 118
 1575, 68, 118
 1575.5, 71, 118
 1576, 70, 118
 1576.5, 70, 118
 1577, 72, 118
 1577.5, 71, 118
 1578, 71, 118
 1578.5, 71, 118
 1579, 71, 118
 1579.5, 71, 118
 1580, 71, 118
 1580.5, 69, 118
 1581, 75, 118
 1581.5, 72, 118
 1582, 69, 118
 1582.5, 69, 118
 1583, 71, 118
 1583.5, 71, 118
 1584, 69, 118
 1584.5, 72, 118
 1585, 75, 118
 1585.5, 69, 118
 1586, 71, 118
 1586.5, 69, 118
 1587, 72, 118
 1587.5, 70, 118
 1588, 70, 118
 1588.5, 70, 118
 1589, 71, 118
 1589.5, 71, 120
 1590, 98, 125
 1590.5, 71, 118
 1591, 72, 118
 1591.5, 70, 118
 1592, 70, 118
 1592.5, 71, 118
 1593, 69, 118
 1593.5, 69, 118
 1594, 70, 118
 1594.5, 70, 118
 1595, 66, 120
 1595.5, 70, 118
 1596, 73, 118
 1596.5, 71, 118
 1597, 71, 118
 1597.5, 68, 118
 1598, 73, 118
 1598.5, 69, 118
 1599, 71, 118
 1599.5, 69, 118
 1600, 144, 143
 1600.5, 70, 118
 1601, 70, 118
 1601.5, 70, 118
 1602, 68, 118
 1602.5, 71, 118
 1603, 71, 118
 1603.5, 71, 118
 1604, 69, 118
 1604.5, 69, 118
 1605, 106, 126
 1605.5, 70, 118
 1606, 69, 118
 1606.5, 70, 118
 1607, 69, 118
 1607.5, 69, 118
 1608, 71, 118
 1608.5, 69, 118
 1609, 71, 118
 1609.5, 70, 118
 1610, 73, 118
 1610.5, 69, 118
 1611, 70, 118
 1611.5, 70, 118
 1612, 71, 118
 1612.5, 102, 118
 1613, 69, 118
 1613.5, 71, 118
 1614, 71, 118
 1614.5, 68, 118
 1615, 71, 118
 1615.5, 70, 118
 1616, 67, 118
 1616.5, 69, 118
 1617, 68, 118
 1617.5, 68, 118
 1618, 69, 118
 1618.5, 70, 118
 1619, 71, 118
 1619.5, 72, 119
 1620, 89, 131
 1620.5, 71, 118
 1621, 72, 118
 1621.5, 71, 118
 1622, 71, 118
 1622.5, 72, 118
 1623, 69, 118
 1623.5, 71, 118
 1624, 73, 118
 1624.5, 68, 118
 1625, 72, 118
 1625.5, 72, 118
 1626, 70, 118
 1626.5, 70, 118
 1627, 71, 118
 1627.5, 72, 118
 1628, 71, 118
 1628.5, 71, 118
 1629, 71, 118
 1629.5, 72, 118
 1630, 73, 118
 1630.5, 74, 118
 1631, 71, 118
 1631.5, 70, 118
 1632, 72, 118
 1632.5, 71, 118
 1633, 72, 118
 1633.5, 71, 118
 1634, 72, 118
 1634.5, 72, 118
 1635, 143, 119
 1635.5, 69, 118
 1636, 70, 118
 1636.5, 70, 118
 1637, 72, 118
 1637.5, 72, 118
 1638, 71, 118
 1638.5, 70, 118
 1639, 70, 118
 1639.5, 73, 118
 1640, 85, 122
 1640.5, 70, 118
 1641, 72, 118
 1641.5, 73, 118
 1642, 73, 118
 1642.5, 77, 118
 1643, 73, 118
 1643.5, 73, 118
 1644, 71, 118
 1644.5, 72, 118
 1645, 72, 118
 1645.5, 70, 118
 1646, 71, 118
 1646.5, 71, 118
 1647, 70, 118
 1647.5, 70, 118
 1648, 69, 118
 1648.5, 71, 118
 1649, 70, 118
 1649.5, 71, 120
 1650, 131, 195
 1650.5, 71, 118
 1651, 72, 118
 1651.5, 72, 118
 1652, 71, 118
 1652.5, 70, 118
 1653, 69, 118
 1653.5, 70, 118
 1654, 70, 118
 1654.5, 70, 118
 1655, 71, 118
 1655.5, 71, 118
 1656, 72, 118
 1656.5, 71, 118
 1657, 70, 118
 1657.5, 130, 118
 1658, 70, 118
 1658.5, 71, 118
 1659, 72, 118
 1659.5, 71, 118
 1660, 68, 118
 1660.5, 73, 118
 1661, 72, 118
 1661.5, 72, 118
 1662, 74, 118
 1662.5, 71, 118
 1663, 70, 118
 1663.5, 71, 118
 1664, 73, 118
 1664.5, 71, 118
 1665, 82, 118
 1665.5, 72, 118
 1666, 71, 118
 1666.5, 70, 118
 1667, 72, 118
 1667.5, 71, 118
 1668, 70, 118
 1668.5, 72, 118
 1669, 70, 118
 1669.5, 71, 118
 1670, 71, 118
 1670.5, 72, 118
 1671, 71, 118
 1671.5, 72, 118
 1672, 72, 118
 1672.5, 131, 164
 1673, 74, 118
 1673.5, 73, 118
 1674, 73, 118
 1674.5, 72, 118
 1675, 72, 118
 1675.5, 73, 118
 1676, 69, 118
 1676.5, 73, 118
 1677, 72, 118
 1677.5, 73, 118
 1678, 72, 118
 1678.5, 73, 118
 1679, 74, 118
 1679.5, 73, 123
 1680, 343, 335
 1680.5, 72, 120
 1681, 72, 118
 1681.5, 71, 118
 1682, 71, 118
 1682.5, 73, 118
 1683, 72, 118
 1683.5, 71, 118
 1684, 72, 118
 1684.5, 70, 118
 1685, 73, 118
 1685.5, 72, 118
 1686, 72, 118
 1686.5, 72, 118
 1687, 72, 118
 1687.5, 66, 118
 1688, 71, 118
 1688.5, 70, 118
 1689, 71, 118
 1689.5, 72, 118
 1690, 77, 119
 1690.5, 72, 118
 1691, 71, 118
 1691.5, 70, 118
 1692, 68, 118
 1692.5, 71, 118
 1693, 71, 118
 1693.5, 71, 118
 1694, 72, 118
 1694.5, 71, 118
 1695, 104, 119
 1695.5, 72, 118
 1696, 70, 118
 1696.5, 71, 118
 1697, 69, 118
 1697.5, 71, 118
 1698, 70, 118
 1698.5, 72, 118
 1699, 71, 118
 1699.5, 70, 118
 1700, 72, 118
 1700.5, 71, 118
 1701, 69, 118
 1701.5, 69, 118
 1702, 69, 118
 1702.5, 70, 118
 1703, 69, 118
 1703.5, 71, 118
 1704, 69, 118
 1704.5, 71, 118
 1705, 73, 118
 1705.5, 68, 118
 1706, 70, 118
 1706.5, 70, 118
 1707, 74, 118
 1707.5, 72, 118
 1708, 70, 118
 1708.5, 71, 118
 1709, 72, 118
 1709.5, 72, 119
 1710, 114, 161
 1710.5, 68, 118
 1711, 68, 118
 1711.5, 68, 118
 1712, 70, 118
 1712.5, 69, 118
 1713, 70, 118
 1713.5, 70, 118
 1714, 69, 118
 1714.5, 71, 118
 1715, 72, 118
 1715.5, 71, 118
 1716, 70, 118
 1716.5, 71, 118
 1717, 71, 118
 1717.5, 69, 118
 1718, 74, 118
 1718.5, 72, 118
 1719, 71, 118
 1719.5, 72, 118
 1720, 75, 118
 1720.5, 72, 118
 1721, 70, 118
 1721.5, 70, 118
 1722, 70, 118
 1722.5, 70, 118
 1723, 70, 118
 1723.5, 70, 118
 1724, 70, 118
 1724.5, 69, 118
 1725, 126, 119
 1725.5, 72, 118
 1726, 71, 118
 1726.5, 71, 118
 1727, 71, 118
 1727.5, 71, 118
 1728, 71, 118
 1728.5, 71, 118
 1729, 72, 118
 1729.5, 73, 118
 1730, 71, 118
 1730.5, 70, 118
 1731, 70, 118
 1731.5, 72, 118
 1732, 70, 118
 1732.5, 69, 118
 1733, 69, 118
 1733.5, 69, 118
 1734, 70, 118
 1734.5, 71, 118
 1735, 131, 122
 1735.5, 71, 118
 1736, 71, 118
 1736.5, 68, 118
 1737, 69, 118
 1737.5, 71, 118
 1738, 70, 118
 1738.5, 70, 118
 1739, 72, 118
 1739.5, 70, 119
 1740, 111, 179
 1740.5, 68, 154
 1741, 68, 118
 1741.5, 71, 118
 1742, 70, 118
 1742.5, 69, 118
 1743, 70, 118
 1743.5, 71, 118
 1744, 71, 118
 1744.5, 68, 118
 1745, 70, 118
 1745.5, 70, 118
 1746, 69, 118
 1746.5, 68, 118
 1747, 68, 118
 1747.5, 71, 118
 1748, 69, 118
 1748.5, 69, 118
 1749, 70, 118
 1749.5, 70, 118
 1750, 70, 118
 1750.5, 69, 118
 1751, 68, 118
 1751.5, 72, 118
 1752, 70, 118
 1752.5, 73, 118
 1753, 70, 118
 1753.5, 71, 118
 1754, 72, 118
 1754.5, 72, 118
 1755, 88, 120
 1755.5, 68, 118
 1756, 68, 118
 1756.5, 69, 118
 1757, 68, 118
 1757.5, 70, 118
 1758, 68, 118
 1758.5, 70, 118
 1759, 69, 118
 1759.5, 72, 118
 1760, 71, 118
 1760.5, 70, 118
 1761, 71, 118
 1761.5, 72, 118
 1762, 72, 118
 1762.5, 72, 118
 1763, 73, 118
 1763.5, 70, 118
 1764, 71, 118
 1764.5, 71, 118
 1765, 73, 118
 1765.5, 73, 118
 1766, 67, 118
 1766.5, 68, 118
 1767, 70, 118
 1767.5, 71, 118
 1768, 70, 118
 1768.5, 70, 118
 1769, 69, 118
 1769.5, 70, 119
 1770, 117, 121
 1770.5, 70, 118
 1771, 71, 118
 1771.5, 72, 118
 1772, 71, 118
 1772.5, 71, 118
 1773, 71, 118
 1773.5, 73, 118
 1774, 70, 118
 1774.5, 72, 118
 1775, 72, 118
 1775.5, 71, 118
 1776, 68, 118
 1776.5, 67, 118
 1777, 69, 118
 1777.5, 68, 118
 1778, 71, 118
 1778.5, 67, 118
 1779, 68, 118
 1779.5, 72, 118
 1780, 70, 118
 1780.5, 71, 118
 1781, 71, 118
 1781.5, 74, 118
 1782, 71, 118
 1782.5, 73, 118
 1783, 74, 118
 1783.5, 71, 118
 1784, 71, 118
 1784.5, 69, 118
 1785, 122, 194
 1785.5, 71, 118
 1786, 72, 118
 1786.5, 72, 118
 1787, 70, 118
 1787.5, 73, 118
 1788, 72, 118
 1788.5, 74, 118
 1789, 72, 118
 1789.5, 70, 118
 1790, 69, 118
 1790.5, 70, 118
 1791, 71, 118
 1791.5, 70, 118
 1792, 70, 118
 1792.5, 62, 118
 1793, 73, 118
 1793.5, 72, 118
 1794, 72, 118
 1794.5, 71, 118
 1795, 72, 118
 1795.5, 73, 118
 1796, 74, 118
 1796.5, 69, 118
 1797, 73, 118
 1797.5, 73, 118
 1798, 73, 119
 1798.5, 72, 120
 1799, 76, 190
 1799.5, 79, 435
 1800, 415, 441
 1800.5, 76, 219
 1801, 71, 174
 1801.5, 71, 119
 1802, 72, 118
 1802.5, 72, 118
 1803, 72, 118
 1803.5, 73, 118
 1804, 74, 118
 1804.5, 75, 118
 1805, 72, 118
 1805.5, 72, 118
 1806, 75, 118
 1806.5, 74, 118
 1807, 74, 118
 1807.5, 76, 118
 1808, 75, 118
 1808.5, 71, 118
 1809, 75, 118
 1809.5, 74, 118
 1810, 71, 118
 1810.5, 70, 118
 1811, 72, 118
 1811.5, 72, 118
 1812, 71, 118
 1812.5, 75, 118
 1813, 71, 118
 1813.5, 73, 118
 1814, 73, 118
 1814.5, 73, 118
 1815, 137, 121
 1815.5, 74, 118
 1816, 71, 118
 1816.5, 70, 118
 1817, 72, 118
 1817.5, 74, 118
 1818, 74, 118
 1818.5, 72, 118
 1819, 73, 118
 1819.5, 72, 118
 1820, 72, 118
 1820.5, 70, 118
 1821, 69, 118
 1821.5, 70, 118
 1822, 68, 118
 1822.5, 85, 154
 1823, 72, 118
 1823.5, 71, 118
 1824, 70, 118
 1824.5, 72, 118
 1825, 118, 136
 1825.5, 70, 118
 1826, 71, 118
 1826.5, 71, 118
 1827, 70, 118
 1827.5, 71, 118
 1828, 72, 118
 1828.5, 70, 118
 1829, 69, 118
 1829.5, 70, 118
 1830, 114, 122
 1830.5, 70, 118
 1831, 70, 118
 1831.5, 71, 118
 1832, 72, 118
 1832.5, 71, 118
 1833, 71, 118
 1833.5, 70, 118
 1834, 68, 118
 1834.5, 68, 118
 1835, 68, 118
 1835.5, 69, 118
 1836, 70, 118
 1836.5, 69, 118
 1837, 71, 118
 1837.5, 73, 118
 1838, 70, 118
 1838.5, 71, 118
 1839, 70, 118
 1839.5, 73, 118
 1840, 72, 118
 1840.5, 74, 118
 1841, 70, 118
 1841.5, 71, 118
 1842, 71, 118
 1842.5, 73, 118
 1843, 70, 118
 1843.5, 73, 118
 1844, 71, 118
 1844.5, 70, 118
 1845, 67, 118
 1845.5, 70, 118
 1846, 71, 118
 1846.5, 70, 118
 1847, 69, 118
 1847.5, 70, 118
 1848, 70, 118
 1848.5, 70, 118
 1849, 71, 118
 1849.5, 71, 118
 1850, 72, 118
 1850.5, 73, 118
 1851, 71, 118
 1851.5, 74, 118
 1852, 74, 118
 1852.5, 76, 118
 1853, 71, 118
 1853.5, 69, 118
 1854, 72, 118
 1854.5, 72, 118
 1855, 72, 118
 1855.5, 68, 118
 1856, 69, 118
 1856.5, 72, 118
 1857, 70, 118
 1857.5, 69, 118
 1858, 70, 118
 1858.5, 72, 118
 1859, 73, 118
 1859.5, 73, 119
 1860, 119, 123
 1860.5, 71, 118
 1861, 71, 118
 1861.5, 73, 118
 1862, 72, 118
 1862.5, 69, 118
 1863, 72, 118
 1863.5, 71, 118
 1864, 71, 118
 1864.5, 73, 118
 1865, 69, 118
 1865.5, 71, 118
 1866, 70, 118
 1866.5, 70, 118
 1867, 69, 118
 1867.5, 73, 118
 1868, 70, 118
 1868.5, 71, 118
 1869, 72, 118
 1869.5, 71, 118
 1870, 72, 118
 1870.5, 70, 118
 1871, 74, 118
 1871.5, 73, 118
 1872, 75, 118
 1872.5, 75, 118
 1873, 73, 118
 1873.5, 73, 118
 1874, 71, 118
 1874.5, 71, 118
 1875, 148, 162
 1875.5, 73, 121
 1876, 73, 118
 1876.5, 74, 118
 1877, 71, 118
 1877.5, 76, 118
 1878, 72, 118
 1878.5, 73, 118
 1879, 74, 118
 1879.5, 69, 118
 1880, 71, 118
 1880.5, 71, 118
 1881, 74, 118
 1881.5, 74, 118
 1882, 73, 118
 1882.5, 119, 118
 1883, 73, 118
 1883.5, 74, 118
 1884, 74, 118
 1884.5, 73, 118
 1885, 73, 118
 1885.5, 74, 118
 1886, 75, 118
 1886.5, 71, 118
 1887, 75, 118
 1887.5, 74, 118
 1888, 73, 118
 1888.5, 71, 118
 1889, 73, 118
 1889.5, 75, 119
 1890, 102, 120
 1890.5, 70, 118
 1891, 72, 118
 1891.5, 71, 118
 1892, 71, 118
 1892.5, 71, 118
 1893, 74, 118
 1893.5, 75, 118
 1894, 72, 118
 1894.5, 72, 118
 1895, 74, 118
 1895.5, 71, 118
 1896, 73, 118
 1896.5, 74, 118
 1897, 75, 118
 1897.5, 76, 130
 1898, 74, 118
 1898.5, 71, 118
 1899, 71, 118
 1899.5, 68, 118
 1900, 106, 119
 1900.5, 68, 118
 1901, 71, 118
 1901.5, 68, 118
 1902, 71, 118
 1902.5, 69, 118
 1903, 69, 118
 1903.5, 69, 118
 1904, 70, 118
 1904.5, 70, 118
 1905, 74, 119
 1905.5, 71, 118
 1906, 71, 118
 1906.5, 71, 118
 1907, 72, 118
 1907.5, 72, 118
 1908, 71, 118
 1908.5, 70, 118
 1909, 72, 118
 1909.5, 72, 118
 1910, 71, 118
 1910.5, 73, 118
 1911, 73, 118
 1911.5, 74, 118
 1912, 74, 118
 1912.5, 77, 118
 1913, 73, 118
 1913.5, 73, 118
 1914, 73, 118
 1914.5, 69, 118
 1915, 70, 118
 1915.5, 74, 118
 1916, 72, 118
 1916.5, 72, 118
 1917, 71, 118
 1917.5, 72, 118
 1918, 73, 118
 1918.5, 71, 118
 1919, 72, 118
 1919.5, 75, 121
 1920, 136, 129
 1920.5, 71, 121
 1921, 73, 118
 1921.5, 74, 118
 1922, 75, 118
 1922.5, 70, 118
 1923, 71, 118
 1923.5, 72, 118
 1924, 72, 118
 1924.5, 73, 118
 1925, 72, 118
 1925.5, 72, 118
 1926, 71, 118
 1926.5, 71, 118
 1927, 72, 118
 1927.5, 114, 118
 1928, 70, 118
 1928.5, 73, 118
 1929, 73, 118
 1929.5, 74, 118
 1930, 73, 118
 1930.5, 72, 118
 1931, 73, 118
 1931.5, 73, 118
 1932, 75, 118
 1932.5, 73, 118
 1933, 75, 118
 1933.5, 74, 118
 1934, 73, 118
 1934.5, 73, 118
 1935, 89, 119
 1935.5, 72, 118
 1936, 72, 118
 1936.5, 73, 118
 1937, 72, 118
 1937.5, 71, 118
 1938, 73, 118
 1938.5, 71, 118
 1939, 71, 118
 1939.5, 72, 118
 1940, 71, 119
 1940.5, 71, 118
 1941, 72, 118
 1941.5, 71, 118
 1942, 73, 118
 1942.5, 71, 118
 1943, 71, 118
 1943.5, 72, 118
 1944, 73, 118
 1944.5, 71, 118
 1945, 72, 118
 1945.5, 73, 118
 1946, 72, 118
 1946.5, 71, 118
 1947, 73, 118
 1947.5, 69, 118
 1948, 72, 118
 1948.5, 72, 118
 1949, 70, 118
 1949.5, 73, 119
 1950, 108, 124
 1950.5, 73, 118
 1951, 70, 118
 1951.5, 71, 118
 1952, 71, 118
 1952.5, 70, 118
 1953, 72, 118
 1953.5, 73, 118
 1954, 71, 118
 1954.5, 71, 118
 1955, 70, 118
 1955.5, 73, 118
 1956, 76, 118
 1956.5, 71, 118
 1957, 70, 118
 1957.5, 104, 176
 1958, 73, 118
 1958.5, 71, 118
 1959, 71, 118
 1959.5, 73, 118
 1960, 72, 118
 1960.5, 74, 118
 1961, 73, 118
 1961.5, 70, 118
 1962, 72, 118
 1962.5, 72, 118
 1963, 73, 118
 1963.5, 71, 118
 1964, 70, 118
 1964.5, 76, 118
 1965, 90, 120
 1965.5, 74, 118
 1966, 75, 118
 1966.5, 71, 118
 1967, 74, 118
 1967.5, 73, 118
 1968, 72, 118
 1968.5, 71, 118
 1969, 73, 118
 1969.5, 71, 118
 1970, 72, 118
 1970.5, 73, 118
 1971, 73, 118
 1971.5, 73, 118
 1972, 72, 118
 1972.5, 73, 118
 1973, 72, 118
 1973.5, 73, 118
 1974, 71, 118
 1974.5, 74, 119
 1975, 72, 118
 1975.5, 73, 118
 1976, 69, 118
 1976.5, 73, 118
 1977, 71, 118
 1977.5, 73, 119
 1978, 73, 119
 1978.5, 71, 118
 1979, 73, 118
 1979.5, 73, 128
 1980, 103, 132
 1980.5, 72, 119
 1981, 72, 118
 1981.5, 72, 118
 1982, 74, 118
 1982.5, 72, 118
 1983, 73, 119
 1983.5, 70, 118
 1984, 73, 118
 1984.5, 70, 118
 1985, 68, 118
 1985.5, 74, 119
 1986, 70, 118
 1986.5, 72, 118
 1987, 70, 118
 1987.5, 71, 118
 1988, 70, 118
 1988.5, 72, 118
 1989, 71, 118
 1989.5, 69, 118
 1990, 71, 119
 1990.5, 71, 118
 1991, 70, 118
 1991.5, 72, 119
 1992, 72, 119
 1992.5, 74, 118
 1993, 71, 118
 1993.5, 71, 119
 1994, 70, 119
 1994.5, 74, 119
 1995, 209, 230
 1995.5, 73, 119
 1996, 71, 118
 1996.5, 74, 119
 1997, 71, 118
 1997.5, 72, 118
 1998, 70, 119
 1998.5, 72, 118
 1999, 73, 118
 1999.5, 73, 119
 2000, 74, 118
 2000.5, 72, 119
 2001, 74, 119
 2001.5, 73, 119
 2002, 74, 119
 2002.5, 74, 118
 2003, 72, 119
 2003.5, 74, 119
 2004, 75, 119
 2004.5, 72, 118
 2005, 72, 119
 2005.5, 75, 118
 2006, 72, 119
 2006.5, 73, 119
 2007, 73, 119
 2007.5, 74, 119
 2008, 72, 118
 2008.5, 73, 119
 2009, 74, 119
 2009.5, 75, 120
 2010, 134, 166
 2010.5, 71, 119
 2011, 72, 119
 2011.5, 73, 118
 2012, 72, 119
 2012.5, 74, 119
 2013, 73, 119
 2013.5, 72, 119
 2014, 72, 118
 2014.5, 72, 119
 2015, 74, 119
 2015.5, 73, 119
 2016, 74, 119
 2016.5, 73, 119
 2017, 72, 119
 2017.5, 72, 119
 2018, 73, 119
 2018.5, 74, 119
 2019, 73, 119
 2019.5, 73, 119
 2020, 73, 119
 2020.5, 72, 119
 2021, 74, 119
 2021.5, 73, 119
 2022, 72, 119
 2022.5, 74, 119
 2023, 73, 119
 2023.5, 73, 119
 2024, 74, 119
 2024.5, 74, 119
 2025, 69, 119
 2025.5, 75, 119
 2026, 74, 119
 2026.5, 73, 119
 2027, 73, 119
 2027.5, 74, 119
 2028, 74, 119
 2028.5, 72, 118
 2029, 73, 119
 2029.5, 75, 119
 2030, 73, 119
 2030.5, 75, 119
 2031, 75, 118
 2031.5, 74, 119
 2032, 74, 119
 2032.5, 74, 119
 2033, 74, 119
 2033.5, 73, 119
 2034, 75, 119
 2034.5, 74, 119
 2035, 71, 119
 2035.5, 75, 119
 2036, 73, 119
 2036.5, 76, 119
 2037, 75, 119
 2037.5, 74, 119
 2038, 74, 119
 2038.5, 75, 119
 2039, 76, 119
 2039.5, 76, 124
 2040, 101, 124
 2040.5, 75, 119
 2041, 74, 119
 2041.5, 76, 119
 2042, 75, 119
 2042.5, 74, 119
 2043, 75, 119
 2043.5, 77, 119
 2044, 75, 119
 2044.5, 77, 119
 2045, 75, 119
 2045.5, 75, 119
 2046, 74, 119
 2046.5, 75, 119
 2047, 75, 119
 2047.5, 78, 119
 2048, 76, 119
 2048.5, 76, 119
 2049, 78, 119
 2049.5, 76, 119
 2050, 76, 119
 2050.5, 78, 119
 2051, 76, 119
 2051.5, 78, 119
 2052, 73, 119
 2052.5, 76, 119
 2053, 75, 119
 2053.5, 76, 119
 2054, 76, 119
 2054.5, 76, 119
 2055, 151, 152
 2055.5, 78, 128
 2056, 78, 119
 2056.5, 75, 119
 2057, 74, 119
 2057.5, 76, 119
 2058, 76, 119
 2058.5, 75, 119
 2059, 77, 119
 2059.5, 77, 119
 2060, 74, 119
 2060.5, 75, 119
 2061, 77, 119
 2061.5, 75, 119
 2062, 73, 119
 2062.5, 75, 119
 2063, 75, 119
 2063.5, 77, 119
 2064, 76, 119
 2064.5, 73, 119
 2065, 73, 119
 2065.5, 74, 119
 2066, 78, 119
 2066.5, 74, 119
 2067, 73, 119
 2067.5, 77, 119
 2068, 73, 119
 2068.5, 72, 119
 2069, 76, 119
 2069.5, 76, 121
 2070, 121, 125
 2070.5, 76, 119
 2071, 75, 119
 2071.5, 76, 119
 2072, 74, 119
 2072.5, 73, 119
 2073, 73, 119
 2073.5, 75, 119
 2074, 73, 119
 2074.5, 76, 119
 2075, 73, 119
 2075.5, 74, 119
 2076, 73, 119
 2076.5, 73, 119
 2077, 74, 119
 2077.5, 75, 119
 2078, 72, 119
 2078.5, 76, 119
 2079, 71, 119
 2079.5, 74, 119
 2080, 74, 120
 2080.5, 74, 119
 2081, 71, 119
 2081.5, 75, 119
 2082, 73, 119
 2082.5, 75, 119
 2083, 73, 119
 2083.5, 71, 119
 2084, 73, 119
 2084.5, 75, 119
 2085, 182, 121
 2085.5, 75, 120
 2086, 74, 119
 2086.5, 72, 119
 2087, 72, 119
 2087.5, 73, 119
 2088, 75, 119
 2088.5, 73, 119
 2089, 72, 119
 2089.5, 73, 119
 2090, 76, 119
 2090.5, 74, 119
 2091, 72, 119
 2091.5, 73, 119
 2092, 72, 119
 2092.5, 78, 119
 2093, 73, 119
 2093.5, 73, 119
 2094, 72, 119
 2094.5, 75, 119
 2095, 69, 119
 2095.5, 77, 119
 2096, 76, 119
 2096.5, 76, 119
 2097, 75, 119
 2097.5, 76, 119
 2098, 75, 119
 2098.5, 73, 119
 2099, 73, 119
 2099.5, 74, 122
 2100, 107, 133
 2100.5, 73, 119
 2101, 73, 119
 2101.5, 72, 119
 2102, 72, 119
 2102.5, 71, 119
 2103, 70, 119
 2103.5, 70, 119
 2104, 71, 119
 2104.5, 68, 119
 2105, 67, 119
 2105.5, 81, 119
 2106, 77, 119
 2106.5, 77, 119
 2107, 75, 118
 2107.5, 75, 118
 2108, 71, 118
 2108.5, 70, 118
 2109, 81, 119
 2109.5, 79, 119
 2110, 76, 119
 2110.5, 77, 119
 2111, 75, 118
 2111.5, 75, 118
 2112, 75, 118
 2112.5, 70, 118
 2113, 69, 118
 2113.5, 69, 118
 2114, 81, 119
 2114.5, 79, 119
 2115, 79, 119
 2115.5, 74, 119
 2116, 73, 118
 2116.5, 72, 118
 2117, 70, 118
 2117.5, 70, 118
 2118, 69, 119
 2118.5, 78, 119
 2119, 76, 119
 2119.5, 75, 119
 2120, 72, 118
 2120.5, 72, 118
 2121, 70, 118
 2121.5, 69, 118
 2122, 66, 118
 2122.5, 77, 123
 2123, 70, 118
 2123.5, 77, 119
 2124, 75, 118
 2124.5, 74, 118
 2125, 87, 121
 2125.5, 71, 118
 2126, 68, 118
 2126.5, 69, 118
 2127, 68, 118
 2127.5, 68, 118
 2128, 70, 118
 2128.5, 74, 118
 2129, 70, 118
 2129.5, 71, 120
 2130, 322, 290
 2130.5, 67, 119
 2131, 67, 118
 2131.5, 70, 118
 2132, 71, 118
 2132.5, 72, 118
 2133, 71, 118
 2133.5, 75, 118
 2134, 74, 118
 2134.5, 72, 118
 2135, 73, 118
 2135.5, 70, 118
 2136, 74, 118
 2136.5, 67, 118
 2137, 68, 118
 2137.5, 74, 118
 2138, 70, 118
 2138.5, 69, 118
 2139, 70, 118
 2139.5, 69, 118
 2140, 69, 118
 2140.5, 69, 118
 2141, 68, 118
 2141.5, 66, 118
 2142, 70, 118
 2142.5, 68, 118
 2143, 69, 118
 2143.5, 73, 118
 2144, 71, 118
 2144.5, 69, 204
 2145, 139, 216
 2145.5, 68, 118
 2146, 67, 118
 2146.5, 67, 118
 2147, 69, 118
 2147.5, 69, 118
 2148, 70, 118
 2148.5, 71, 118
 2149, 70, 118
 2149.5, 71, 118
 2150, 70, 118
 2150.5, 70, 118
 2151, 66, 118
 2151.5, 67, 118
 2152, 69, 118
 2152.5, 80, 118
 2153, 71, 118
 2153.5, 72, 118
 2154, 72, 118
 2154.5, 71, 118
 2155, 73, 118
 2155.5, 70, 118
 2156, 67, 118
 2156.5, 68, 118
 2157, 69, 118
 2157.5, 65, 118
 2158, 67, 118
 2158.5, 68, 118
 2159, 68, 118
 2159.5, 71, 121
 2160, 96, 122
 2160.5, 68, 118
 2161, 71, 118
 2161.5, 70, 118
 2162, 69, 118
 2162.5, 69, 118
 2163, 70, 118
 2163.5, 69, 118
 2164, 69, 118
 2164.5, 68, 118
 2165, 68, 118
 2165.5, 67, 118
 2166, 70, 118
 2166.5, 71, 118
 2167, 69, 118
 2167.5, 70, 118
 2168, 69, 118
 2168.5, 70, 118
 2169, 68, 118
 2169.5, 70, 118
 2170, 70, 118
 2170.5, 70, 118
 2171, 72, 118
 2171.5, 70, 118
 2172, 68, 118
 2172.5, 68, 118
 2173, 70, 118
 2173.5, 68, 118
 2174, 71, 118
 2174.5, 70, 121
 2175, 106, 123
 2175.5, 72, 118
 2176, 72, 118
 2176.5, 73, 118
 2177, 71, 118
 2177.5, 69, 118
 2178, 71, 118
 2178.5, 69, 118
 2179, 69, 118
 2179.5, 68, 118
 2180, 68, 118
 2180.5, 69, 118
 2181, 72, 118
 2181.5, 72, 118
 2182, 70, 118
 2182.5, 70, 118
 2183, 73, 118
 2183.5, 70, 118
 2184, 70, 118
 2184.5, 71, 118
 2185, 72, 118
 2185.5, 72, 118
 2186, 70, 118
 2186.5, 72, 118
 2187, 73, 118
 2187.5, 72, 118
 2188, 73, 118
 2188.5, 71, 118
 2189, 71, 118
 2189.5, 71, 119
 2190, 116, 125
 2190.5, 70, 118
 2191, 72, 118
 2191.5, 70, 118
 2192, 73, 118
 2192.5, 73, 118
 2193, 71, 118
 2193.5, 72, 118
 2194, 72, 118
 2194.5, 70, 118
 2195, 72, 118
 2195.5, 73, 118
 2196, 70, 118
 2196.5, 71, 118
 2197, 70, 118
 2197.5, 110, 118
 2198, 71, 118
 2198.5, 73, 118
 2199, 71, 118
 2199.5, 73, 118
 2200, 86, 120
 2200.5, 74, 118
 2201, 72, 118
 2201.5, 71, 118
 2202, 72, 118
 2202.5, 73, 118
 2203, 73, 118
 2203.5, 71, 118
 2204, 72, 118
 2204.5, 72, 118
 2205, 69, 118
 2205.5, 70, 118
 2206, 73, 118
 2206.5, 71, 118
 2207, 73, 118
 2207.5, 70, 118
 2208, 70, 118
 2208.5, 72, 118
 2209, 74, 118
 2209.5, 71, 118
 2210, 71, 118
 2210.5, 73, 118
 2211, 71, 118
 2211.5, 70, 118
 2212, 73, 118
 2212.5, 70, 118
 2213, 73, 118
 2213.5, 73, 118
 2214, 72, 118
 2214.5, 72, 118
 2215, 74, 118
 2215.5, 71, 118
 2216, 72, 118
 2216.5, 70, 118
 2217, 71, 118
 2217.5, 73, 118
 2218, 72, 118
 2218.5, 73, 118
 2219, 70, 118
 2219.5, 72, 119
 2220, 116, 122
 2220.5, 73, 119
 2221, 72, 118
 2221.5, 71, 118
 2222, 70, 118
 2222.5, 71, 118
 2223, 73, 118
 2223.5, 73, 118
 2224, 71, 118
 2224.5, 71, 118
 2225, 72, 118
 2225.5, 74, 118
 2226, 72, 118
 2226.5, 70, 118
 2227, 72, 118
 2227.5, 72, 118
 2228, 72, 118
 2228.5, 72, 118
 2229, 72, 118
 2229.5, 72, 118
 2230, 73, 118
 2230.5, 71, 118
 2231, 72, 118
 2231.5, 74, 118
 2232, 73, 118
 2232.5, 73, 118
 2233, 73, 118
 2233.5, 73, 118
 2234, 72, 118
 2234.5, 73, 118
 2235, 123, 202
 2235.5, 72, 118
 2236, 74, 118
 2236.5, 73, 118
 2237, 72, 118
 2237.5, 72, 118
 2238, 74, 119
 2238.5, 72, 118
 2239, 72, 118
 2239.5, 71, 118
 2240, 78, 123
 2240.5, 72, 118
 2241, 72, 118
 2241.5, 72, 118
 2242, 72, 118
 2242.5, 72, 118
 2243, 71, 118
 2243.5, 74, 118
 2244, 71, 118
 2244.5, 72, 118
 2245, 72, 118
 2245.5, 70, 118
 2246, 70, 118
 2246.5, 70, 118
 2247, 72, 118
 2247.5, 70, 118
 2248, 70, 118
 2248.5, 71, 118
 2249, 71, 118
 2249.5, 72, 119
 2250, 126, 123
 2250.5, 74, 119
 2251, 73, 118
 2251.5, 72, 118
 2252, 74, 118
 2252.5, 75, 118
 2253, 74, 118
 2253.5, 73, 118
 2254, 72, 118
 2254.5, 75, 118
 2255, 73, 118
 2255.5, 74, 118
 2256, 71, 118
 2256.5, 70, 118
 2257, 72, 118
 2257.5, 71, 118
 2258, 74, 118
 2258.5, 70, 118
 2259, 73, 118
 2259.5, 72, 118
 2260, 72, 118
 2260.5, 71, 118
 2261, 74, 118
 2261.5, 69, 118
 2262, 73, 118
 2262.5, 72, 118
 2263, 73, 118
 2263.5, 74, 118
 2264, 71, 118
 2264.5, 71, 118
 2265, 136, 119
 2265.5, 72, 118
 2266, 70, 118
 2266.5, 72, 118
 2267, 74, 118
 2267.5, 71, 118
 2268, 70, 118
 2268.5, 72, 118
 2269, 70, 118
 2269.5, 72, 118
 2270, 72, 118
 2270.5, 72, 118
 2271, 72, 118
 2271.5, 70, 118
 2272, 73, 118
 2272.5, 70, 119
 2273, 71, 118
 2273.5, 70, 118
 2274, 70, 118
 2274.5, 73, 118
 2275, 72, 118
 2275.5, 71, 118
 2276, 72, 118
 2276.5, 73, 118
 2277, 70, 118
 2277.5, 72, 118
 2278, 71, 118
 2278.5, 72, 118
 2279, 72, 118
 2279.5, 71, 120
 2280, 198, 180
 2280.5, 71, 167
 2281, 72, 118
 2281.5, 71, 118
 2282, 68, 118
 2282.5, 71, 118
 2283, 71, 118
 2283.5, 71, 118
 2284, 70, 118
 2284.5, 72, 118
 2285, 69, 118
 2285.5, 70, 118
 2286, 70, 118
 2286.5, 70, 118
 2287, 69, 118
 2287.5, 72, 118
 2288, 71, 118
 2288.5, 69, 118
 2289, 70, 118
 2289.5, 69, 118
 2290, 71, 120
 2290.5, 69, 118
 2291, 69, 118
 2291.5, 67, 118
 2292, 70, 118
 2292.5, 69, 118
 2293, 69, 118
 2293.5, 69, 118
 2294, 69, 118
 2294.5, 67, 118
 2295, 65, 118
 2295.5, 70, 118
 2296, 68, 118
 2296.5, 69, 118
 2297, 70, 118
 2297.5, 70, 118
 2298, 69, 118
 2298.5, 70, 118
 2299, 68, 118
 2299.5, 69, 118
 2300, 70, 118
 2300.5, 68, 118
 2301, 70, 118
 2301.5, 72, 118
 2302, 70, 118
 2302.5, 73, 119
 2303, 69, 118
 2303.5, 71, 118
 2304, 68, 118
 2304.5, 68, 118
 2305, 68, 118
 2305.5, 68, 118
 2306, 70, 118
 2306.5, 67, 118
 2307, 69, 118
 2307.5, 67, 118
 2308, 71, 118
 2308.5, 70, 118
 2309, 73, 118
 2309.5, 68, 118
 2310, 121, 124
 2310.5, 69, 118
 2311, 69, 118
 2311.5, 70, 118
 2312, 69, 118
 2312.5, 70, 118
 2313, 70, 118
 2313.5, 71, 118
 2314, 71, 118
 2314.5, 73, 118
 2315, 67, 118
 2315.5, 68, 118
 2316, 66, 118
 2316.5, 69, 118
 2317, 70, 118
 2317.5, 71, 118
 2318, 68, 118
 2318.5, 70, 118
 2319, 69, 118
 2319.5, 69, 118
 2320, 68, 118
 2320.5, 72, 118
 2321, 70, 118
 2321.5, 70, 118
 2322, 70, 118
 2322.5, 69, 118
 2323, 69, 118
 2323.5, 70, 118
 2324, 70, 118
 2324.5, 69, 118
 2325, 90, 121
 2325.5, 67, 118
 2326, 68, 118
 2326.5, 69, 118
 2327, 71, 118
 2327.5, 69, 118
 2328, 70, 118
 2328.5, 68, 118
 2329, 67, 118
 2329.5, 70, 118
 2330, 70, 118
 2330.5, 69, 118
 2331, 71, 118
 2331.5, 68, 118
 2332, 70, 118
 2332.5, 67, 118
 2333, 71, 118
 2333.5, 69, 118
 2334, 69, 118
 2334.5, 68, 118
 2335, 68, 118
 2335.5, 69, 118
 2336, 68, 118
 2336.5, 68, 118
 2337, 68, 118
 2337.5, 72, 118
 2338, 69, 118
 2338.5, 71, 118
 2339, 68, 118
 2339.5, 68, 130
 2340, 140, 132
 2340.5, 70, 118
 2341, 68, 118
 2341.5, 69, 118
 2342, 69, 118
 2342.5, 66, 118
 2343, 68, 118
 2343.5, 67, 118
 2344, 68, 118
 2344.5, 66, 118
 2345, 69, 118
 2345.5, 68, 118
 2346, 71, 118
 2346.5, 70, 118
 2347, 70, 118
 2347.5, 85, 121
 2348, 69, 118
 2348.5, 70, 118
 2349, 69, 118
 2349.5, 69, 118
 2350, 69, 118
 2350.5, 69, 118
 2351, 68, 118
 2351.5, 71, 118
 2352, 71, 118
 2352.5, 68, 118
 2353, 70, 118
 2353.5, 67, 118
 2354, 68, 118
 2354.5, 69, 118
 2355, 173, 118
 2355.5, 71, 118
 2356, 71, 118
 2356.5, 70, 118
 2357, 68, 118
 2357.5, 72, 118
 2358, 71, 118
 2358.5, 69, 118
 2359, 68, 118
 2359.5, 67, 118
 2360, 70, 118
 2360.5, 67, 118
 2361, 67, 118
 2361.5, 69, 118
 2362, 68, 118
 2362.5, 66, 118
 2363, 74, 118
 2363.5, 68, 118
 2364, 70, 118
 2364.5, 70, 118
 2365, 66, 118
 2365.5, 68, 118
 2366, 68, 118
 2366.5, 70, 118
 2367, 68, 118
 2367.5, 65, 118
 2368, 68, 118
 2368.5, 68, 118
 2369, 69, 118
 2369.5, 71, 118
 2370, 138, 126
 2370.5, 72, 118
 2371, 68, 118
 2371.5, 68, 118
 2372, 67, 118
 2372.5, 68, 118
 2373, 69, 118
 2373.5, 68, 118
 2374, 70, 118
 2374.5, 67, 118
 2375, 70, 118
 2375.5, 72, 118
 2376, 69, 118
 2376.5, 69, 118
 2377, 69, 118
 2377.5, 67, 118
 2378, 69, 118
 2378.5, 70, 118
 2379, 69, 118
 2379.5, 70, 118
 2380, 75, 124
 2380.5, 69, 118
 2381, 72, 118
 2381.5, 71, 118
 2382, 68, 118
 2382.5, 68, 118
 2383, 68, 118
 2383.5, 68, 118
 2384, 70, 118
 2384.5, 69, 118
 2385, 72, 118
 2385.5, 70, 118
 2386, 70, 118
 2386.5, 70, 118
 2387, 71, 118
 2387.5, 72, 118
 2388, 69, 118
 2388.5, 67, 118
 2389, 68, 118
 2389.5, 69, 118
 2390, 68, 118
 2390.5, 69, 118
 2391, 69, 118
 2391.5, 70, 118
 2392, 70, 118
 2392.5, 76, 118
 2393, 72, 118
 2393.5, 72, 118
 2394, 68, 118
 2394.5, 69, 118
 2395, 70, 118
 2395.5, 69, 118
 2396, 71, 118
 2396.5, 71, 118
 2397, 69, 118
 2397.5, 69, 118
 2398, 70, 118
 2398.5, 69, 118
 2399, 71, 118
 2399.5, 69, 118
 2400, 142, 130
 2400.5, 70, 118
 2401, 69, 118
 2401.5, 69, 118
 2402, 70, 118
 2402.5, 69, 118
 2403, 68, 118
 2403.5, 71, 118
 2404, 68, 118
 2404.5, 71, 118
 2405, 69, 118
 2405.5, 66, 118
 2406, 70, 118
 2406.5, 70, 118
 2407, 70, 118
 2407.5, 78, 132
 2408, 70, 118
 2408.5, 70, 118
 2409, 68, 118
 2409.5, 69, 118
 2410, 68, 118
 2410.5, 69, 118
 2411, 68, 118
 2411.5, 67, 118
 2412, 68, 118
 2412.5, 70, 118
 2413, 67, 118
 2413.5, 69, 118
 2414, 69, 118
 2414.5, 69, 118
 2415, 99, 119
 2415.5, 69, 118
 2416, 68, 118
 2416.5, 69, 118
 2417, 69, 118
 2417.5, 69, 118
 2418, 67, 118
 2418.5, 68, 118
 2419, 66, 118
 2419.5, 73, 118
 2420, 67, 118
 2420.5, 68, 118
 2421, 68, 118
 2421.5, 67, 118
 2422, 69, 118
 2422.5, 89, 118
 2423, 70, 118
 2423.5, 70, 118
 2424, 69, 118
 2424.5, 70, 118
 2425, 78, 124
 2425.5, 68, 118
 2426, 69, 118
 2426.5, 66, 118
 2427, 69, 118
 2427.5, 74, 118
 2428, 71, 118
 2428.5, 69, 118
 2429, 72, 119
 2429.5, 70, 130
 2430, 205, 323
 2430.5, 67, 311
 2431, 68, 120
 2431.5, 68, 118
 2432, 68, 118
 2432.5, 69, 118
 2433, 69, 118
 2433.5, 71, 118
 2434, 72, 118
 2434.5, 66, 118
 2435, 72, 118
 2435.5, 70, 118
 2436, 71, 118
 2436.5, 72, 118
 2437, 71, 118
 2437.5, 69, 118
 2438, 71, 118
 2438.5, 71, 118
 2439, 73, 118
 2439.5, 72, 118
 2440, 70, 118
 2440.5, 72, 118
 2441, 70, 118
 2441.5, 74, 118
 2442, 69, 118
 2442.5, 70, 118
 2443, 69, 118
 2443.5, 70, 118
 2444, 71, 118
 2444.5, 70, 118
 2445, 303, 269
 2445.5, 69, 118
 2446, 68, 118
 2446.5, 70, 118
 2447, 69, 118
 2447.5, 68, 118
 2448, 68, 118
 2448.5, 68, 118
 2449, 68, 118
 2449.5, 72, 118
 2450, 71, 118
 2450.5, 70, 118
 2451, 67, 118
 2451.5, 67, 118
 2452, 70, 118
 2452.5, 68, 118
 2453, 69, 118
 2453.5, 69, 118
 2454, 69, 118
 2454.5, 67, 118
 2455, 70, 118
 2455.5, 70, 118
 2456, 67, 118
 2456.5, 73, 118
 2457, 70, 118
 2457.5, 68, 118
 2458, 70, 118
 2458.5, 69, 118
 2459, 68, 118
 2459.5, 69, 119
 2460, 152, 139
 2460.5, 70, 120
 2461, 71, 118
 2461.5, 70, 118
 2462, 69, 118
 2462.5, 70, 118
 2463, 70, 118
 2463.5, 71, 118
 2464, 68, 118
 2464.5, 69, 118
 2465, 68, 118
 2465.5, 71, 118
 2466, 70, 118
 2466.5, 71, 118
 2467, 71, 118
 2467.5, 114, 118
 2468, 69, 118
 2468.5, 70, 118
 2469, 70, 118
 2469.5, 69, 118
 2470, 69, 118
 2470.5, 71, 118
 2471, 71, 118
 2471.5, 70, 118
 2472, 68, 118
 2472.5, 70, 118
 2473, 68, 118
 2473.5, 73, 118
 2474, 70, 118
 2474.5, 70, 118
 2475, 114, 119
 2475.5, 71, 118
 2476, 72, 118
 2476.5, 71, 118
 2477, 72, 118
 2477.5, 72, 118
 2478, 73, 119
 2478.5, 70, 118
 2479, 72, 118
 2479.5, 73, 118
 2480, 74, 118
 2480.5, 69, 118
 2481, 71, 118
 2481.5, 74, 118
 2482, 70, 118
 2482.5, 72, 118
 2483, 73, 118
 2483.5, 71, 118
 2484, 72, 118
 2484.5, 70, 118
 2485, 71, 118
 2485.5, 71, 118
 2486, 69, 118
 2486.5, 76, 118
 2487, 70, 118
 2487.5, 74, 118
 2488, 71, 118
 2488.5, 72, 118
 2489, 73, 118
 2489.5, 73, 169
 2490, 147, 187
 2490.5, 71, 118
 2491, 71, 118
 2491.5, 71, 118
 2492, 70, 118
 2492.5, 72, 118
 2493, 70, 118
 2493.5, 72, 118
 2494, 74, 118
 2494.5, 71, 118
 2495, 72, 118
 2495.5, 72, 118
 2496, 70, 118
 2496.5, 71, 118
 2497, 72, 118
 2497.5, 69, 118
 2498, 72, 118
 2498.5, 71, 118
 2499, 73, 118
 2499.5, 70, 118
 2500, 76, 118
 2500.5, 72, 118
 2501, 73, 118
 2501.5, 72, 118
 2502, 71, 118
 2502.5, 72, 118
 2503, 70, 118
 2503.5, 73, 118
 2504, 73, 118
 2504.5, 72, 118
 2505, 156, 129
 2505.5, 72, 118
 2506, 72, 118
 2506.5, 72, 118
 2507, 71, 118
 2507.5, 72, 118
 2508, 73, 119
 2508.5, 72, 118
 2509, 73, 118
 2509.5, 70, 118
 2510, 72, 118
 2510.5, 71, 118
 2511, 70, 118
 2511.5, 72, 118
 2512, 73, 118
 2512.5, 71, 118
 2513, 71, 118
 2513.5, 71, 118
 2514, 71, 118
 2514.5, 72, 118
 2515, 71, 118
 2515.5, 73, 118
 2516, 76, 118
 2516.5, 70, 118
 2517, 73, 118
 2517.5, 70, 118
 2518, 71, 118
 2518.5, 74, 118
 2519, 72, 118
 2519.5, 72, 131
 2520, 137, 141
 2520.5, 72, 118
 2521, 73, 118
 2521.5, 72, 118
 2522, 75, 118
 2522.5, 72, 118
 2523, 71, 118
 2523.5, 73, 118
 2524, 72, 118
 2524.5, 74, 118
 2525, 71, 118
 2525.5, 71, 118
 2526, 74, 118
 2526.5, 74, 118
 2527, 72, 118
 2527.5, 69, 118
 2528, 73, 118
 2528.5, 73, 118
 2529, 75, 118
 2529.5, 75, 118
 2530, 73, 118
 2530.5, 72, 118
 2531, 74, 118
 2531.5, 74, 118
 2532, 73, 118
 2532.5, 73, 118
 2533, 71, 118
 2533.5, 71, 118
 2534, 70, 118
 2534.5, 74, 118
 2535, 218, 118
 2535.5, 72, 118
 2536, 71, 118
 2536.5, 72, 118
 2537, 72, 118
 2537.5, 73, 118
 2538, 73, 119
 2538.5, 74, 118
 2539, 73, 118
 2539.5, 72, 118
 2540, 196, 191
 2540.5, 74, 118
 2541, 73, 118
 2541.5, 71, 118
 2542, 72, 118
 2542.5, 71, 118
 2543, 72, 118
 2543.5, 74, 118
 2544, 74, 118
 2544.5, 71, 118
 2545, 75, 118
 2545.5, 74, 118
 2546, 72, 118
 2546.5, 72, 118
 2547, 73, 118
 2547.5, 72, 118
 2548, 72, 118
 2548.5, 71, 118
 2549, 72, 118
 2549.5, 73, 119
 2550, 151, 138
 2550.5, 72, 118
 2551, 73, 118
 2551.5, 73, 118
 2552, 71, 118
 2552.5, 71, 118
 2553, 73, 118
 2553.5, 74, 118
 2554, 75, 118
 2554.5, 71, 118
 2555, 73, 118
 2555.5, 75, 118
 2556, 74, 118
 2556.5, 73, 118
 2557, 73, 118
 2557.5, 68, 118
 2558, 73, 118
 2558.5, 73, 118
 2559, 74, 118
 2559.5, 74, 118
 2560, 73, 118
 2560.5, 74, 118
 2561, 74, 118
 2561.5, 69, 118
 2562, 75, 118
 2562.5, 74, 118
 2563, 72, 118
 2563.5, 74, 118
 2564, 72, 118
 2564.5, 73, 118
 2565, 61, 118
 2565.5, 73, 118
 2566, 74, 118
 2566.5, 74, 118
 2567, 73, 118
 2567.5, 75, 118
 2568, 74, 118
 2568.5, 73, 118
 2569, 71, 118
 2569.5, 73, 118
 2570, 72, 118
 2570.5, 73, 118
 2571, 74, 118
 2571.5, 73, 118
 2572, 73, 118
 2572.5, 82, 120
 2573, 74, 118
 2573.5, 75, 118
 2574, 75, 118
 2574.5, 75, 118
 2575, 74, 118
 2575.5, 73, 118
 2576, 72, 118
 2576.5, 75, 118
 2577, 72, 118
 2577.5, 73, 118
 2578, 73, 118
 2578.5, 75, 118
 2579, 76, 118
 2579.5, 75, 121
 2580, 304, 317
 2580.5, 74, 120
 2581, 73, 118
 2581.5, 75, 118
 2582, 74, 118
 2582.5, 73, 118
 2583, 72, 118
 2583.5, 71, 118
 2584, 76, 118
 2584.5, 76, 118
 2585, 73, 118
 2585.5, 75, 118
 2586, 74, 118
 2586.5, 76, 118
 2587, 73, 118
 2587.5, 71, 118
 2588, 72, 118
 2588.5, 74, 118
 2589, 74, 118
 2589.5, 72, 118
 2590, 73, 118
 2590.5, 76, 118
 2591, 75, 118
 2591.5, 73, 118
 2592, 74, 118
 2592.5, 76, 118
 2593, 75, 118
 2593.5, 77, 118
 2594, 72, 118
 2594.5, 74, 118
 2595, 89, 121
 2595.5, 75, 118
 2596, 73, 118
 2596.5, 73, 118
 2597, 76, 118
 2597.5, 76, 118
 2598, 76, 119
 2598.5, 76, 118
 2599, 75, 118
 2599.5, 74, 118
 2600, 76, 118
 2600.5, 73, 118
 2601, 74, 118
 2601.5, 76, 118
 2602, 76, 118
 2602.5, 77, 118
 2603, 75, 118
 2603.5, 75, 118
 2604, 75, 118
 2604.5, 76, 118
 2605, 72, 118
 2605.5, 74, 118
 2606, 74, 118
 2606.5, 77, 118
 2607, 75, 118
 2607.5, 74, 118
 2608, 74, 118
 2608.5, 73, 118
 2609, 74, 118
 2609.5, 76, 119
 2610, 143, 138
 2610.5, 72, 118
 2611, 75, 118
 2611.5, 75, 118
 2612, 75, 118
 2612.5, 72, 118
 2613, 75, 118
 2613.5, 73, 118
 2614, 73, 118
 2614.5, 72, 118
 2615, 74, 118
 2615.5, 74, 118
 2616, 73, 118
 2616.5, 74, 118
 2617, 73, 118
 2617.5, 74, 119
 2618, 73, 118
 2618.5, 73, 118
 2619, 76, 118
 2619.5, 73, 118
 2620, 73, 118
 2620.5, 74, 118
 2621, 72, 118
 2621.5, 73, 118
 2622, 76, 118
 2622.5, 74, 118
 2623, 72, 118
 2623.5, 74, 118
 2624, 73, 118
 2624.5, 73, 118
 2625, 188, 118
 2625.5, 76, 118
 2626, 74, 118
 2626.5, 74, 118
 2627, 75, 118
 2627.5, 72, 118
 2628, 74, 119
 2628.5, 74, 118
 2629, 75, 118
 2629.5, 73, 118
 2630, 73, 118
 2630.5, 73, 118
 2631, 75, 118
 2631.5, 75, 118
 2632, 73, 118
 2632.5, 79, 118
 2633, 77, 118
 2633.5, 74, 118
 2634, 73, 118
 2634.5, 73, 118
 2635, 76, 123
 2635.5, 72, 118
 2636, 71, 118
 2636.5, 77, 118
 2637, 75, 118
 2637.5, 75, 118
 2638, 74, 118
 2638.5, 75, 118
 2639, 76, 118
 2639.5, 76, 119
 2640, 136, 174
 2640.5, 75, 148
 2641, 75, 118
 2641.5, 76, 118
 2642, 75, 118
 2642.5, 76, 118
 2643, 77, 118
 2643.5, 76, 118
 2644, 74, 118
 2644.5, 71, 118
 2645, 75, 118
 2645.5, 74, 118
 2646, 75, 118
 2646.5, 75, 118
 2647, 72, 118
 2647.5, 73, 118
 2648, 73, 118
 2648.5, 72, 118
 2649, 76, 118
 2649.5, 72, 118
 2650, 72, 118
 2650.5, 73, 118
 2651, 73, 118
 2651.5, 72, 118
 2652, 71, 118
 2652.5, 72, 119
 2653, 74, 118
 2653.5, 75, 118
 2654, 75, 118
 2654.5, 75, 118
 2655, 72, 118
 2655.5, 75, 118
 2656, 75, 118
 2656.5, 75, 118
 2657, 73, 118
 2657.5, 75, 118
 2658, 74, 119
 2658.5, 72, 118
 2659, 73, 118
 2659.5, 72, 118
 2660, 74, 118
 2660.5, 75, 118
 2661, 74, 118
 2661.5, 73, 118
 2662, 73, 118
 2662.5, 74, 118
 2663, 78, 118
 2663.5, 72, 118
 2664, 73, 118
 2664.5, 75, 118
 2665, 75, 118
 2665.5, 73, 118
 2666, 73, 118
 2666.5, 77, 118
 2667, 74, 118
 2667.5, 77, 118
 2668, 74, 118
 2668.5, 73, 118
 2669, 74, 118
 2669.5, 73, 120
 2670, 116, 121
 2670.5, 74, 118
 2671, 71, 118
 2671.5, 72, 118
 2672, 73, 118
 2672.5, 71, 118
 2673, 73, 118
 2673.5, 73, 118
 2674, 74, 118
 2674.5, 74, 118
 2675, 76, 118
 2675.5, 77, 118
 2676, 74, 118
 2676.5, 74, 118
 2677, 76, 118
 2677.5, 71, 118
 2678, 72, 118
 2678.5, 71, 118
 2679, 74, 118
 2679.5, 74, 118
 2680, 74, 119
 2680.5, 73, 118
 2681, 74, 118
 2681.5, 71, 118
 2682, 73, 118
 2682.5, 73, 118
 2683, 75, 118
 2683.5, 76, 118
 2684, 74, 118
 2684.5, 76, 118
 2685, 129, 222
 2685.5, 77, 118
 2686, 76, 118
 2686.5, 71, 118
 2687, 72, 118
 2687.5, 74, 118
 2688, 73, 118
 2688.5, 74, 118
 2689, 73, 118
 2689.5, 74, 118
 2690, 74, 118
 2690.5, 74, 118
 2691, 77, 118
 2691.5, 73, 118
 2692, 73, 118
 2692.5, 89, 118
 2693, 76, 118
 2693.5, 74, 118
 2694, 72, 118
 2694.5, 74, 118
 2695, 74, 118
 2695.5, 75, 118
 2696, 73, 118
 2696.5, 76, 118
 2697, 74, 118
 2697.5, 74, 118
 2698, 74, 118
 2698.5, 74, 119
 2699, 77, 162
 2699.5, 72, 404
 2700, 303, 409
 2700.5, 74, 190
 2701, 75, 145
 2701.5, 74, 118
 2702, 74, 118
 2702.5, 74, 118
 2703, 75, 118
 2703.5, 76, 118
 2704, 75, 118
 2704.5, 74, 118
 2705, 79, 118
 2705.5, 77, 118
 2706, 70, 118
 2706.5, 74, 118
 2707, 75, 118
 2707.5, 69, 118
 2708, 73, 118
 2708.5, 75, 118
 2709, 76, 118
 2709.5, 75, 118
 2710, 77, 118
 2710.5, 76, 118
 2711, 77, 118
 2711.5, 78, 118
 2712, 77, 118
 2712.5, 76, 118
 2713, 74, 118
 2713.5, 73, 118
 2714, 76, 118
 2714.5, 74, 118
 2715, 82, 118
 2715.5, 75, 118
 2716, 75, 118
 2716.5, 76, 118
 2717, 75, 118
 2717.5, 77, 118
 2718, 77, 118
 2718.5, 76, 118
 2719, 78, 118
 2719.5, 75, 118
 2720, 73, 118
 2720.5, 73, 118
 2721, 73, 118
 2721.5, 74, 118
 2722, 74, 118
 2722.5, 84, 125
 2723, 75, 118
 2723.5, 75, 118
 2724, 74, 118
 2724.5, 74, 118
 2725, 74, 120
 2725.5, 75, 118
 2726, 73, 118
 2726.5, 75, 118
 2727, 73, 118
 2727.5, 75, 118
 2728, 75, 118
 2728.5, 74, 118
 2729, 73, 118
 2729.5, 74, 118
 2730, 134, 126
 2730.5, 74, 118
 2731, 75, 118
 2731.5, 75, 118
 2732, 77, 118
 2732.5, 71, 118
 2733, 74, 118
 2733.5, 70, 118
 2734, 72, 118
 2734.5, 72, 118
 2735, 73, 118
 2735.5, 72, 118
 2736, 73, 118
 2736.5, 71, 118
 2737, 73, 118
 2737.5, 104, 118
 2738, 73, 118
 2738.5, 71, 118
 2739, 76, 118
 2739.5, 75, 118
 2740, 76, 118
 2740.5, 73, 118
 2741, 74, 118
 2741.5, 75, 118
 2742, 72, 118
 2742.5, 73, 118
 2743, 72, 118
 2743.5, 74, 118
 2744, 73, 118
 2744.5, 73, 118
 2745, 77, 118
 2745.5, 76, 118
 2746, 73, 118
 2746.5, 76, 118
 2747, 74, 118
 2747.5, 76, 118
 2748, 71, 118
 2748.5, 72, 118
 2749, 72, 118
 2749.5, 73, 118
 2750, 85, 120
 2750.5, 73, 118
 2751, 74, 118
 2751.5, 73, 118
 2752, 75, 118
 2752.5, 74, 120
 2753, 75, 118
 2753.5, 74, 118
 2754, 78, 118
 2754.5, 74, 118
 2755, 72, 118
 2755.5, 73, 118
 2756, 73, 118
 2756.5, 80, 118
 2757, 72, 118
 2757.5, 77, 118
 2758, 72, 118
 2758.5, 74, 118
 2759, 74, 118
 2759.5, 75, 118
 2760, 132, 125
 2760.5, 76, 118
 2761, 74, 118
 2761.5, 73, 118
 2762, 71, 118
 2762.5, 72, 118
 2763, 71, 118
 2763.5, 72, 118
 2764, 70, 118
 2764.5, 72, 118
 2765, 73, 118
 2765.5, 71, 118
 2766, 73, 118
 2766.5, 74, 118
 2767, 73, 118
 2767.5, 73, 118
 2768, 72, 118
 2768.5, 72, 118
 2769, 75, 118
 2769.5, 77, 118
 2770, 75, 118
 2770.5, 75, 118
 2771, 75, 118
 2771.5, 73, 118
 2772, 74, 118
 2772.5, 70, 118
 2773, 73, 118
 2773.5, 74, 118
 2774, 75, 118
 2774.5, 74, 118
 2775, 109, 125
 2775.5, 75, 122
 2776, 74, 118
 2776.5, 76, 118
 2777, 73, 118
 2777.5, 74, 118
 2778, 73, 118
 2778.5, 74, 118
 2779, 74, 118
 2779.5, 72, 118
 2780, 73, 118
 2780.5, 72, 118
 2781, 72, 118
 2781.5, 73, 118
 2782, 74, 118
 2782.5, 74, 118
 2783, 72, 118
 2783.5, 75, 118
 2784, 76, 118
 2784.5, 73, 118
 2785, 73, 118
 2785.5, 74, 118
 2786, 75, 118
 2786.5, 74, 118
 2787, 71, 118
 2787.5, 74, 118
 2788, 73, 118
 2788.5, 73, 118
 2789, 72, 118
 2789.5, 73, 118
 2790, 130, 126
 2790.5, 72, 118
 2791, 74, 118
 2791.5, 73, 118
 2792, 74, 118
 2792.5, 73, 118
 2793, 72, 118
 2793.5, 73, 118
 2794, 73, 118
 2794.5, 72, 118
 2795, 74, 118
 2795.5, 74, 118
 2796, 72, 118
 2796.5, 74, 118
 2797, 72, 118
 2797.5, 69, 119
 2798, 72, 118
 2798.5, 75, 118
 2799, 75, 118
 2799.5, 73, 118
 2800, 74, 118
 2800.5, 76, 118
 2801, 74, 118
 2801.5, 69, 118
 2802, 72, 118
 2802.5, 74, 118
 2803, 72, 118
 2803.5, 76, 118
 2804, 73, 118
 2804.5, 74, 118
 2805, 168, 118
 2805.5, 75, 118
 2806, 74, 118
 2806.5, 74, 118
 2807, 75, 118
 2807.5, 75, 118
 2808, 76, 118
 2808.5, 73, 118
 2809, 75, 118
 2809.5, 71, 118
 2810, 73, 118
 2810.5, 74, 118
 2811, 73, 118
 2811.5, 73, 118
 2812, 71, 118
 2812.5, 73, 117
 2813, 72, 118
 2813.5, 75, 118
 2814, 74, 118
 2814.5, 74, 118
 2815, 75, 118
 2815.5, 73, 118
 2816, 71, 118
 2816.5, 78, 118
 2817, 76, 118
 2817.5, 76, 118
 2818, 73, 117
 2818.5, 74, 118
 2819, 73, 118
 2819.5, 75, 118
 2820, 150, 136
 2820.5, 75, 119
 2821, 73, 118
 2821.5, 74, 118
 2822, 74, 118
 2822.5, 73, 118
 2823, 73, 118
 2823.5, 73, 118
 2824, 73, 117
 2824.5, 75, 118
 2825, 72, 117
 2825.5, 73, 117
 2826, 73, 118
 2826.5, 73, 118
 2827, 72, 117
 2827.5, 65, 117
 2828, 74, 118
 2828.5, 72, 117
 2829, 75, 118
 2829.5, 74, 118
 2830, 72, 117
 2830.5, 76, 118
 2831, 72, 118
 2831.5, 75, 118
 2832, 73, 118
 2832.5, 74, 118
 2833, 74, 118
 2833.5, 74, 117
 2834, 73, 118
 2834.5, 74, 118
 2835, 94, 118
 2835.5, 72, 117
 2836, 73, 117
 2836.5, 74, 117
 2837, 74, 118
 2837.5, 74, 117
 2838, 75, 118
 2838.5, 74, 117
 2839, 73, 117
 2839.5, 73, 117
 2840, 181, 160
 2840.5, 72, 117
 2841, 73, 118
 2841.5, 72, 117
 2842, 73, 117
 2842.5, 74, 117
 2843, 74, 117
 2843.5, 75, 117
 2844, 75, 117
 2844.5, 74, 117
 2845, 75, 118
 2845.5, 75, 117
 2846, 75, 117
 2846.5, 76, 117
 2847, 71, 117
 2847.5, 71, 117
 2848, 72, 117
 2848.5, 73, 117
 2849, 74, 117
 2849.5, 73, 117
 2850, 119, 123
 2850.5, 74, 118
 2851, 75, 117
 2851.5, 73, 117
 2852, 74, 117
 2852.5, 76, 117
 2853, 75, 117
 2853.5, 72, 117
 2854, 74, 117
 2854.5, 72, 117
 2855, 75, 117
 2855.5, 73, 117
 2856, 73, 117
 2856.5, 74, 117
 2857, 73, 117
 2857.5, 93, 141
 2858, 71, 117
 2858.5, 72, 117
 2859, 76, 117
 2859.5, 73, 117
 2860, 73, 117
 2860.5, 74, 117
 2861, 74, 117
 2861.5, 72, 117
 2862, 73, 117
 2862.5, 71, 117
 2863, 72, 117
 2863.5, 71, 117
 2864, 73, 117
 2864.5, 73, 117
 2865, 97, 118
 2865.5, 71, 117
 2866, 73, 117
 2866.5, 71, 117
 2867, 72, 117
 2867.5, 72, 117
 2868, 72, 117
 2868.5, 70, 117
 2869, 73, 117
 2869.5, 72, 117
 2870, 73, 117
 2870.5, 72, 117
 2871, 73, 117
 2871.5, 72, 117
 2872, 71, 117
 2872.5, 83, 117
 2873, 73, 117
 2873.5, 73, 117
 2874, 72, 117
 2874.5, 70, 117
 2875, 71, 117
 2875.5, 72, 117
 2876, 72, 117
 2876.5, 74, 117
 2877, 71, 117
 2877.5, 75, 117
 2878, 73, 117
 2878.5, 73, 117
 2879, 71, 117
 2879.5, 72, 136
 2880, 150, 136
 2880.5, 71, 117
 2881, 74, 117
 2881.5, 73, 117
 2882, 72, 117
 2882.5, 73, 117
 2883, 72, 117
 2883.5, 72, 117
 2884, 72, 117
 2884.5, 71, 117
 2885, 69, 117
 2885.5, 72, 117
 2886, 73, 117
 2886.5, 70, 117
 2887, 71, 117
 2887.5, 72, 117
 2888, 73, 117
 2888.5, 72, 117
 2889, 73, 117
 2889.5, 73, 117
 2890, 72, 117
 2890.5, 72, 117
 2891, 72, 117
 2891.5, 74, 117
 2892, 74, 117
 2892.5, 72, 117
 2893, 71, 117
 2893.5, 71, 117
 2894, 73, 117
 2894.5, 72, 117
 2895, 214, 200
 2895.5, 75, 117
 2896, 72, 117
 2896.5, 73, 117
 2897, 72, 117
 2897.5, 73, 117
 2898, 73, 117
 2898.5, 73, 117
 2899, 72, 117
 2899.5, 72, 117
 2900, 72, 117
 2900.5, 73, 117
 2901, 73, 117
 2901.5, 72, 117
 2902, 73, 117
 2902.5, 79, 117
 2903, 71, 117
 2903.5, 72, 117
 2904, 71, 117
 2904.5, 72, 117
 2905, 74, 117
 2905.5, 72, 117
 2906, 72, 117
 2906.5, 72, 117
 2907, 72, 117
 2907.5, 72, 117
 2908, 73, 117
 2908.5, 74, 117
 2909, 75, 117
 2909.5, 73, 119
 2910, 125, 168
 2910.5, 72, 117
 2911, 73, 117
 2911.5, 73, 117
 2912, 73, 117
 2912.5, 72, 117
 2913, 72, 117
 2913.5, 72, 117
 2914, 73, 117
 2914.5, 72, 117
 2915, 73, 117
 2915.5, 72, 117
 2916, 72, 117
 2916.5, 72, 117
 2917, 73, 117
 2917.5, 72, 117
 2918, 72, 117
 2918.5, 74, 116
 2919, 72, 117
 2919.5, 74, 116
 2920, 73, 116
 2920.5, 72, 117
 2921, 74, 117
 2921.5, 75, 116
 2922, 71, 116
 2922.5, 73, 117
 2923, 72, 116
 2923.5, 73, 116
 2924, 73, 116
 2924.5, 72, 117
 2925, 83, 117
 2925.5, 75, 117
 2926, 71, 116
 2926.5, 73, 116
 2927, 73, 117
 2927.5, 73, 117
 2928, 74, 116
 2928.5, 73, 116
 2929, 72, 116
 2929.5, 73, 116
 2930, 76, 116
 2930.5, 72, 117
 2931, 73, 116
 2931.5, 71, 116
 2932, 72, 116
 2932.5, 75, 116
 2933, 73, 116
 2933.5, 73, 116
 2934, 73, 116
 2934.5, 74, 117
 2935, 74, 116
 2935.5, 74, 116
 2936, 73, 116
 2936.5, 73, 116
 2937, 73, 116
 2937.5, 72, 116
 2938, 72, 116
 2938.5, 72, 116
 2939, 72, 116
 2939.5, 72, 117
 2940, 116, 120
 2940.5, 75, 116
 2941, 74, 116
 2941.5, 73, 116
 2942, 71, 116
 2942.5, 72, 116
 2943, 71, 116
 2943.5, 72, 116
 2944, 73, 116
 2944.5, 72, 116
 2945, 73, 116
 2945.5, 72, 116
 2946, 72, 116
 2946.5, 74, 116
 2947, 74, 116
 2947.5, 73, 116
 2948, 74, 116
 2948.5, 73, 116
 2949, 75, 116
 2949.5, 75, 116
 2950, 73, 116
 2950.5, 73, 116
 2951, 74, 116
 2951.5, 76, 116
 2952, 72, 116
 2952.5, 73, 116
 2953, 72, 116
 2953.5, 72, 116
 2954, 73, 116
 2954.5, 74, 116
 2955, 151, 161
 2955.5, 73, 118
 2956, 74, 116
 2956.5, 74, 116
 2957, 75, 116
 2957.5, 73, 116
 2958, 73, 116
 2958.5, 73, 116
 2959, 72, 116
 2959.5, 74, 116
 2960, 73, 116
 2960.5, 76, 116
 2961, 74, 116
 2961.5, 74, 116
 2962, 74, 116
 2962.5, 130, 116
 2963, 74, 116
 2963.5, 74, 116
 2964, 74, 116
 2964.5, 72, 116
 2965, 71, 116
 2965.5, 72, 116
 2966, 74, 116
 2966.5, 70, 116
 2967, 72, 116
 2967.5, 74, 116
 2968, 74, 116
 2968.5, 73, 116
 2969, 75, 116
 2969.5, 74, 117
 2970, 135, 128
 2970.5, 75, 116
 2971, 75, 116
 2971.5, 73, 116
 2972, 74, 116
 2972.5, 73, 116
 2973, 73, 116
 2973.5, 73, 116
 2974, 74, 116
 2974.5, 74, 116
 2975, 72, 116
 2975.5, 72, 116
 2976, 72, 116
 2976.5, 72, 116
 2977, 74, 116
 2977.5, 74, 116
 2978, 74, 116
 2978.5, 71, 116
 2979, 74, 116
 2979.5, 75, 116
 2980, 78, 132
 2980.5, 72, 116
 2981, 74, 116
 2981.5, 74, 116
 2982, 73, 116
 2982.5, 72, 116
 2983, 73, 116
 2983.5, 75, 116
 2984, 75, 116
 2984.5, 74, 118
 2985, 111, 120
 2985.5, 74, 116
 2986, 75, 116
 2986.5, 73, 116
 2987, 72, 116
 2987.5, 74, 116
 2988, 75, 116
 2988.5, 73, 116
 2989, 72, 116
 2989.5, 74, 116
 2990, 75, 116
 2990.5, 71, 116
 2991, 74, 116
 2991.5, 76, 116
 2992, 74, 116
 2992.5, 73, 116
 2993, 74, 116
 2993.5, 75, 116
 2994, 73, 116
 2994.5, 73, 116
 2995, 74, 116
 2995.5, 72, 116
 2996, 73, 116
 2996.5, 73, 116
 2997, 75, 116
 2997.5, 75, 116
 2998, 71, 116
 2998.5, 72, 116
 2999, 74, 116
 2999.5, 76, 117
 3000, 123, 134
