 2000, 79, 118
 2000.5, 75, 118
 2001, 77, 118
 2001.5, 77, 118
 2002, 80, 118
 2002.5, 75, 118
 2003, 78, 118
 2003.5, 74, 118
 2004, 80, 118
 2004.5, 79, 118
 2005, 78, 118
 2005.5, 78, 118
 2006, 77, 118
 2006.5, 75, 118
 2007, 76, 118
 2007.5, 75, 118
 2008, 75, 118
 2008.5, 79, 118
 2009, 78, 119
 2009.5, 77, 119
 2010, 127, 166
 2010.5, 76, 119
 2011, 75, 118
 2011.5, 76, 118
 2012, 74, 118
 2012.5, 74, 118
 2013, 75, 118
 2013.5, 80, 118
 2014, 76, 118
 2014.5, 76, 118
 2015, 76, 118
 2015.5, 75, 119
 2016, 77, 118
 2016.5, 78, 118
 2017, 76, 118
 2017.5, 79, 118
 2018, 79, 119
 2018.5, 79, 118
 2019, 76, 118
 2019.5, 75, 118
 2020, 78, 118
 2020.5, 76, 118
 2021, 76, 119
 2021.5, 77, 119
 2022, 77, 119
 2022.5, 78, 118
 2023, 76, 118
 2023.5, 76, 118
 2024, 78, 119
 2024.5, 75, 118
 2025, 90, 119
 2025.5, 78, 119
 2026, 77, 119
 2026.5, 77, 119
 2027, 76, 119
 2027.5, 78, 119
 2028, 78, 119
 2028.5, 79, 119
 2029, 76, 119
 2029.5, 79, 118
 2030, 77, 119
 2030.5, 76, 119
 2031, 77, 119
 2031.5, 75, 118
 2032, 76, 119
 2032.5, 76, 119
 2033, 76, 119
 2033.5, 78, 119
 2034, 78, 118
 2034.5, 79, 119
 2035, 78, 119
 2035.5, 76, 119
 2036, 77, 118
 2036.5, 78, 119
 2037, 76, 119
 2037.5, 78, 119
 2038, 80, 119
 2038.5, 80, 119
 2039, 78, 119
 2039.5, 79, 124
 2040, 110, 126
 2040.5, 77, 119
 2041, 75, 119
 2041.5, 80, 119
 2042, 78, 119
 2042.5, 77, 119
 2043, 78, 119
 2043.5, 81, 119
 2044, 78, 119
 2044.5, 81, 119
 2045, 77, 119
 2045.5, 77, 119
 2046, 78, 119
 2046.5, 78, 119
 2047, 78, 119
 2047.5, 72, 119
 2048, 77, 119
 2048.5, 77, 119
 2049, 79, 119
 2049.5, 77, 119
 2050, 78, 119
 2050.5, 79, 119
 2051, 77, 119
 2051.5, 77, 119
 2052, 76, 119
 2052.5, 81, 119
 2053, 76, 119
 2053.5, 79, 119
 2054, 79, 119
 2054.5, 76, 119
 2055, 151, 151
 2055.5, 77, 127
 2056, 79, 119
 2056.5, 77, 119
 2057, 79, 119
 2057.5, 79, 119
 2058, 76, 119
 2058.5, 79, 119
 2059, 75, 118
 2059.5, 77, 119
 2060, 76, 119
 2060.5, 77, 119
 2061, 76, 119
 2061.5, 73, 118
 2062, 74, 119
 2062.5, 73, 119
 2063, 77, 119
 2063.5, 74, 119
 2064, 74, 119
 2064.5, 76, 119
 2065, 76, 119
 2065.5, 76, 119
 2066, 77, 119
 2066.5, 77, 119
 2067, 75, 119
 2067.5, 78, 119
 2068, 77, 119
 2068.5, 76, 119
 2069, 75, 119
 2069.5, 76, 121
 2070, 99, 121
 2070.5, 74, 119
 2071, 76, 119
 2071.5, 74, 119
 2072, 76, 119
 2072.5, 74, 119
 2073, 77, 119
 2073.5, 76, 119
 2074, 73, 119
 2074.5, 77, 119
 2075, 77, 119
 2075.5, 77, 119
 2076, 78, 119
 2076.5, 75, 119
 2077, 78, 119
 2077.5, 80, 119
 2078, 76, 119
 2078.5, 76, 119
 2079, 78, 119
 2079.5, 76, 119
 2080, 80, 120
 2080.5, 75, 119
 2081, 75, 119
 2081.5, 78, 119
 2082, 74, 119
 2082.5, 75, 119
 2083, 75, 119
 2083.5, 75, 119
 2084, 75, 119
 2084.5, 77, 119
 2085, 185, 121
 2085.5, 76, 119
 2086, 75, 119
 2086.5, 73, 119
 2087, 76, 119
 2087.5, 74, 119
 2088, 73, 119
 2088.5, 73, 119
 2089, 74, 119
 2089.5, 76, 119
 2090, 73, 119
 2090.5, 77, 119
 2091, 78, 119
 2091.5, 75, 119
 2092, 76, 119
 2092.5, 77, 119
 2093, 74, 119
 2093.5, 75, 119
 2094, 74, 119
 2094.5, 73, 119
 2095, 73, 119
 2095.5, 74, 119
 2096, 72, 119
 2096.5, 69, 119
 2097, 75, 119
 2097.5, 69, 119
 2098, 73, 119
 2098.5, 73, 119
 2099, 72, 119
 2099.5, 73, 121
 2100, 116, 131
 2100.5, 74, 119
 2101, 75, 119
 2101.5, 73, 119
 2102, 76, 119
 2102.5, 77, 119
 2103, 74, 119
 2103.5, 75, 119
 2104, 76, 119
 2104.5, 74, 119
 2105, 74, 119
 2105.5, 74, 119
 2106, 76, 119
 2106.5, 75, 119
 2107, 78, 119
 2107.5, 73, 119
 2108, 78, 119
 2108.5, 79, 119
 2109, 73, 119
 2109.5, 76, 119
 2110, 77, 119
 2110.5, 79, 119
 2111, 78, 119
 2111.5, 79, 119
 2112, 77, 118
 2112.5, 74, 118
 2113, 78, 118
 2113.5, 79, 118
 2114, 78, 118
 2114.5, 78, 118
 2115, 83, 118
 2115.5, 79, 118
 2116, 81, 118
 2116.5, 78, 118
 2117, 78, 118
 2117.5, 78, 118
 2118, 79, 119
 2118.5, 79, 118
 2119, 80, 118
 2119.5, 80, 118
 2120, 81, 118
 2120.5, 80, 118
 2121, 82, 118
 2121.5, 79, 118
 2122, 79, 118
 2122.5, 83, 123
 2123, 80, 118
 2123.5, 80, 118
 2124, 81, 118
 2124.5, 81, 118
 2125, 92, 121
 2125.5, 80, 118
 2126, 80, 118
 2126.5, 82, 118
 2127, 82, 118
 2127.5, 82, 118
 2128, 80, 118
 2128.5, 80, 118
 2129, 79, 118
 2129.5, 78, 120
 2130, 322, 290
 2130.5, 79, 119
 2131, 81, 118
 2131.5, 82, 118
 2132, 80, 118
 2132.5, 79, 118
 2133, 78, 118
 2133.5, 77, 118
 2134, 79, 118
 2134.5, 77, 118
 2135, 77, 118
 2135.5, 77, 118
 2136, 83, 118
 2136.5, 80, 118
 2137, 80, 118
 2137.5, 78, 118
 2138, 80, 118
 2138.5, 77, 118
 2139, 79, 118
 2139.5, 77, 118
 2140, 77, 118
 2140.5, 79, 118
 2141, 76, 118
 2141.5, 79, 118
 2142, 77, 118
 2142.5, 77, 118
 2143, 76, 118
 2143.5, 79, 118
 2144, 76, 118
 2144.5, 76, 204
 2145, 139, 214
 2145.5, 76, 118
 2146, 79, 118
 2146.5, 78, 118
 2147, 77, 118
 2147.5, 79, 118
 2148, 78, 118
 2148.5, 77, 118
 2149, 78, 118
 2149.5, 78, 118
 2150, 76, 118
 2150.5, 76, 118
 2151, 76, 118
 2151.5, 78, 118
 2152, 77, 118
 2152.5, 121, 118
 2153, 81, 118
 2153.5, 80, 118
 2154, 77, 118
 2154.5, 76, 118
 2155, 79, 118
 2155.5, 77, 118
 2156, 77, 118
 2156.5, 75, 118
 2157, 77, 118
 2157.5, 76, 118
 2158, 77, 118
 2158.5, 76, 118
 2159, 78, 118
 2159.5, 76, 121
 2160, 120, 124
 2160.5, 77, 118
 2161, 77, 118
 2161.5, 76, 118
 2162, 80, 118
 2162.5, 76, 118
 2163, 77, 118
 2163.5, 78, 118
 2164, 78, 118
 2164.5, 80, 118
 2165, 79, 118
 2165.5, 78, 118
 2166, 76, 118
 2166.5, 77, 118
 2167, 77, 118
 2167.5, 78, 118
 2168, 79, 118
 2168.5, 78, 118
 2169, 76, 118
 2169.5, 80, 118
 2170, 79, 118
 2170.5, 76, 118
 2171, 75, 118
 2171.5, 81, 118
 2172, 78, 118
 2172.5, 79, 118
 2173, 80, 118
 2173.5, 80, 118
 2174, 78, 118
 2174.5, 80, 121
 2175, 107, 123
 2175.5, 76, 118
 2176, 78, 118
 2176.5, 78, 118
 2177, 78, 118
 2177.5, 78, 118
 2178, 76, 118
 2178.5, 78, 118
 2179, 80, 118
 2179.5, 80, 118
 2180, 77, 118
 2180.5, 77, 118
 2181, 77, 118
 2181.5, 79, 118
 2182, 79, 118
 2182.5, 78, 118
 2183, 82, 118
 2183.5, 78, 118
 2184, 78, 118
 2184.5, 80, 118
 2185, 77, 118
 2185.5, 80, 118
 2186, 79, 118
 2186.5, 79, 118
 2187, 78, 118
 2187.5, 79, 118
 2188, 76, 118
 2188.5, 77, 118
 2189, 76, 118
 2189.5, 79, 119
 2190, 90, 120
 2190.5, 77, 118
 2191, 78, 118
 2191.5, 78, 118
 2192, 76, 118
 2192.5, 79, 118
 2193, 77, 118
 2193.5, 79, 118
 2194, 76, 118
 2194.5, 78, 118
 2195, 78, 118
 2195.5, 80, 118
 2196, 79, 118
 2196.5, 79, 118
 2197, 77, 118
 2197.5, 84, 118
 2198, 79, 118
 2198.5, 78, 118
 2199, 77, 118
 2199.5, 79, 118
 2200, 87, 121
 2200.5, 79, 118
 2201, 79, 118
 2201.5, 80, 118
 2202, 80, 118
 2202.5, 78, 118
 2203, 78, 118
 2203.5, 78, 118
 2204, 80, 118
 2204.5, 79, 118
 2205, 105, 118
 2205.5, 79, 118
 2206, 79, 118
 2206.5, 78, 118
 2207, 79, 118
 2207.5, 78, 118
 2208, 79, 118
 2208.5, 78, 118
 2209, 80, 118
 2209.5, 80, 118
 2210, 81, 118
 2210.5, 77, 118
 2211, 81, 118
 2211.5, 78, 118
 2212, 80, 118
 2212.5, 77, 118
 2213, 78, 118
 2213.5, 79, 118
 2214, 81, 118
 2214.5, 80, 118
 2215, 81, 118
 2215.5, 80, 118
 2216, 81, 118
 2216.5, 79, 118
 2217, 80, 118
 2217.5, 79, 118
 2218, 80, 118
 2218.5, 80, 118
 2219, 81, 118
 2219.5, 80, 119
 2220, 116, 123
 2220.5, 81, 119
 2221, 79, 118
 2221.5, 77, 118
 2222, 78, 118
 2222.5, 77, 118
 2223, 79, 118
 2223.5, 78, 118
 2224, 79, 118
 2224.5, 79, 118
 2225, 80, 118
 2225.5, 78, 118
 2226, 78, 118
 2226.5, 78, 118
 2227, 77, 118
 2227.5, 77, 118
 2228, 79, 118
 2228.5, 79, 118
 2229, 78, 118
 2229.5, 79, 118
 2230, 77, 118
 2230.5, 80, 118
 2231, 80, 118
 2231.5, 79, 118
 2232, 78, 118
 2232.5, 78, 118
 2233, 80, 118
 2233.5, 80, 118
 2234, 79, 118
 2234.5, 77, 118
 2235, 128, 201
 2235.5, 76, 118
 2236, 77, 118
 2236.5, 79, 118
 2237, 78, 118
 2237.5, 78, 118
 2238, 76, 118
 2238.5, 78, 118
 2239, 78, 118
 2239.5, 78, 118
 2240, 81, 123
 2240.5, 78, 118
 2241, 77, 118
 2241.5, 78, 118
 2242, 80, 118
 2242.5, 76, 118
 2243, 79, 118
 2243.5, 79, 118
 2244, 78, 118
 2244.5, 79, 118
 2245, 78, 118
 2245.5, 78, 118
 2246, 80, 118
 2246.5, 77, 118
 2247, 79, 118
 2247.5, 80, 118
 2248, 79, 118
 2248.5, 79, 118
 2249, 77, 118
 2249.5, 78, 119
 2250, 125, 125
 2250.5, 78, 119
 2251, 76, 118
 2251.5, 78, 118
 2252, 77, 118
 2252.5, 77, 118
 2253, 77, 118
 2253.5, 77, 118
 2254, 78, 118
 2254.5, 79, 118
 2255, 79, 118
 2255.5, 77, 118
 2256, 80, 118
 2256.5, 76, 118
 2257, 80, 118
 2257.5, 110, 119
 2258, 79, 118
 2258.5, 76, 118
 2259, 77, 118
 2259.5, 79, 118
 2260, 78, 118
 2260.5, 77, 118
 2261, 78, 118
 2261.5, 79, 118
 2262, 77, 118
 2262.5, 81, 118
 2263, 79, 118
 2263.5, 77, 118
 2264, 79, 118
 2264.5, 78, 118
 2265, 171, 119
 2265.5, 76, 118
 2266, 77, 118
 2266.5, 77, 118
 2267, 78, 118
 2267.5, 79, 118
 2268, 78, 118
 2268.5, 77, 118
 2269, 76, 118
 2269.5, 76, 118
 2270, 78, 118
 2270.5, 78, 118
 2271, 78, 118
 2271.5, 75, 118
 2272, 78, 118
 2272.5, 79, 118
 2273, 80, 118
 2273.5, 80, 118
 2274, 76, 118
 2274.5, 76, 118
 2275, 76, 118
 2275.5, 76, 118
 2276, 76, 118
 2276.5, 80, 118
 2277, 75, 118
 2277.5, 78, 118
 2278, 76, 118
 2278.5, 79, 118
 2279, 77, 118
 2279.5, 78, 120
 2280, 182, 163
 2280.5, 78, 166
 2281, 77, 118
 2281.5, 77, 118
 2282, 77, 118
 2282.5, 76, 118
 2283, 78, 118
 2283.5, 77, 118
 2284, 78, 118
 2284.5, 78, 118
 2285, 80, 118
 2285.5, 78, 118
 2286, 79, 118
 2286.5, 76, 118
 2287, 77, 118
 2287.5, 74, 118
 2288, 78, 118
 2288.5, 78, 118
 2289, 79, 118
 2289.5, 78, 118
 2290, 77, 119
 2290.5, 77, 118
 2291, 77, 118
 2291.5, 78, 118
 2292, 77, 118
 2292.5, 79, 118
 2293, 80, 118
 2293.5, 78, 118
 2294, 79, 118
 2294.5, 79, 118
 2295, 75, 118
 2295.5, 79, 118
 2296, 77, 118
 2296.5, 80, 118
 2297, 78, 118
 2297.5, 77, 118
 2298, 79, 118
 2298.5, 77, 118
 2299, 77, 118
 2299.5, 78, 118
 2300, 78, 118
 2300.5, 81, 118
 2301, 78, 118
 2301.5, 79, 118
 2302, 79, 118
 2302.5, 81, 119
 2303, 79, 118
 2303.5, 77, 118
 2304, 80, 118
 2304.5, 76, 118
 2305, 80, 118
 2305.5, 78, 118
 2306, 79, 118
 2306.5, 78, 118
 2307, 77, 118
 2307.5, 79, 118
 2308, 77, 118
 2308.5, 77, 118
 2309, 79, 118
 2309.5, 77, 119
 2310, 130, 126
 2310.5, 77, 118
 2311, 79, 118
 2311.5, 80, 118
 2312, 78, 118
 2312.5, 78, 118
 2313, 77, 118
 2313.5, 79, 118
 2314, 77, 118
 2314.5, 77, 118
 2315, 78, 118
 2315.5, 78, 118
 2316, 76, 118
 2316.5, 76, 118
 2317, 77, 118
 2317.5, 75, 118
 2318, 77, 118
 2318.5, 78, 118
 2319, 78, 118
 2319.5, 77, 118
 2320, 79, 118
 2320.5, 77, 118
 2321, 77, 118
 2321.5, 80, 118
 2322, 75, 118
 2322.5, 76, 118
 2323, 79, 118
 2323.5, 77, 118
 2324, 78, 118
 2324.5, 78, 118
 2325, 111, 122
 2325.5, 79, 118
 2326, 75, 118
 2326.5, 77, 118
 2327, 77, 118
 2327.5, 78, 118
 2328, 77, 118
 2328.5, 77, 118
 2329, 78, 118
 2329.5, 78, 118
 2330, 78, 118
 2330.5, 78, 118
 2331, 79, 118
 2331.5, 75, 118
 2332, 78, 118
 2332.5, 78, 118
 2333, 76, 118
 2333.5, 76, 118
 2334, 77, 118
 2334.5, 78, 118
 2335, 77, 118
 2335.5, 76, 118
 2336, 76, 118
 2336.5, 79, 118
 2337, 74, 118
 2337.5, 78, 118
 2338, 76, 118
 2338.5, 76, 118
 2339, 78, 118
 2339.5, 77, 126
 2340, 110, 122
 2340.5, 75, 118
 2341, 74, 118
 2341.5, 77, 118
 2342, 77, 118
 2342.5, 78, 118
 2343, 79, 118
 2343.5, 79, 118
 2344, 78, 118
 2344.5, 78, 118
 2345, 78, 118
 2345.5, 78, 118
 2346, 74, 118
 2346.5, 76, 118
 2347, 74, 118
 2347.5, 85, 121
 2348, 77, 118
 2348.5, 76, 118
 2349, 75, 118
 2349.5, 75, 118
 2350, 76, 118
 2350.5, 76, 118
 2351, 75, 118
 2351.5, 77, 118
 2352, 78, 118
 2352.5, 75, 118
 2353, 75, 118
 2353.5, 77, 118
 2354, 75, 118
 2354.5, 77, 118
 2355, 159, 118
 2355.5, 77, 118
 2356, 77, 118
 2356.5, 75, 118
 2357, 77, 118
 2357.5, 74, 118
 2358, 76, 118
 2358.5, 77, 118
 2359, 75, 118
 2359.5, 79, 118
 2360, 73, 118
 2360.5, 76, 118
 2361, 78, 118
 2361.5, 75, 118
 2362, 75, 118
 2362.5, 80, 118
 2363, 76, 118
 2363.5, 77, 118
 2364, 76, 118
 2364.5, 77, 118
 2365, 76, 118
 2365.5, 76, 118
 2366, 77, 118
 2366.5, 75, 118
 2367, 76, 118
 2367.5, 77, 118
 2368, 77, 118
 2368.5, 77, 118
 2369, 78, 118
 2369.5, 77, 118
 2370, 136, 129
 2370.5, 77, 118
 2371, 75, 118
 2371.5, 77, 118
 2372, 78, 118
 2372.5, 77, 118
 2373, 76, 118
 2373.5, 75, 118
 2374, 76, 118
 2374.5, 78, 118
 2375, 77, 118
 2375.5, 77, 118
 2376, 78, 118
 2376.5, 77, 118
 2377, 77, 118
 2377.5, 76, 118
 2378, 77, 118
 2378.5, 76, 118
 2379, 77, 118
 2379.5, 77, 118
 2380, 77, 124
 2380.5, 78, 118
 2381, 78, 118
 2381.5, 75, 118
 2382, 76, 118
 2382.5, 75, 118
 2383, 76, 118
 2383.5, 76, 118
 2384, 76, 118
 2384.5, 77, 118
 2385, 81, 118
 2385.5, 77, 118
 2386, 76, 118
 2386.5, 77, 118
 2387, 79, 118
 2387.5, 74, 118
 2388, 75, 118
 2388.5, 77, 118
 2389, 79, 118
 2389.5, 74, 118
 2390, 78, 118
 2390.5, 77, 118
 2391, 77, 118
 2391.5, 77, 118
 2392, 76, 118
 2392.5, 80, 118
 2393, 75, 118
 2393.5, 76, 118
 2394, 75, 118
 2394.5, 75, 118
 2395, 75, 118
 2395.5, 75, 118
 2396, 77, 118
 2396.5, 83, 118
 2397, 77, 118
 2397.5, 77, 118
 2398, 76, 118
 2398.5, 77, 118
 2399, 76, 118
 2399.5, 78, 118
 2400, 138, 127
 2400.5, 76, 118
 2401, 78, 118
 2401.5, 78, 118
 2402, 77, 118
 2402.5, 77, 118
 2403, 76, 118
 2403.5, 77, 118
 2404, 76, 118
 2404.5, 78, 118
 2405, 78, 118
 2405.5, 77, 118
 2406, 78, 118
 2406.5, 77, 118
 2407, 77, 118
 2407.5, 94, 132
 2408, 77, 118
 2408.5, 76, 118
 2409, 79, 118
 2409.5, 77, 118
 2410, 76, 118
 2410.5, 76, 118
 2411, 78, 118
 2411.5, 77, 118
 2412, 77, 118
 2412.5, 79, 118
 2413, 79, 118
 2413.5, 79, 118
 2414, 75, 118
 2414.5, 78, 118
 2415, 105, 119
 2415.5, 78, 118
 2416, 75, 118
 2416.5, 77, 118
 2417, 77, 118
 2417.5, 78, 118
 2418, 78, 118
 2418.5, 78, 118
 2419, 78, 118
 2419.5, 78, 118
 2420, 78, 118
 2420.5, 79, 118
 2421, 79, 118
 2421.5, 79, 118
 2422, 78, 118
 2422.5, 118, 118
 2423, 78, 118
 2423.5, 78, 118
 2424, 77, 118
 2424.5, 77, 118
 2425, 78, 124
 2425.5, 76, 118
 2426, 78, 118
 2426.5, 83, 118
 2427, 80, 118
 2427.5, 77, 118
 2428, 76, 118
 2428.5, 77, 118
 2429, 79, 119
 2429.5, 78, 130
 2430, 217, 323
 2430.5, 78, 310
 2431, 78, 120
 2431.5, 77, 118
 2432, 75, 118
 2432.5, 77, 118
 2433, 78, 118
 2433.5, 77, 118
 2434, 77, 118
 2434.5, 81, 118
 2435, 76, 118
 2435.5, 78, 118
 2436, 77, 118
 2436.5, 78, 118
 2437, 76, 118
 2437.5, 76, 118
 2438, 78, 118
 2438.5, 76, 118
 2439, 79, 118
 2439.5, 77, 118
 2440, 77, 118
 2440.5, 76, 118
 2441, 77, 118
 2441.5, 79, 118
 2442, 77, 118
 2442.5, 79, 118
 2443, 79, 118
 2443.5, 77, 118
 2444, 77, 118
 2444.5, 77, 118
 2445, 300, 270
 2445.5, 76, 118
 2446, 77, 118
 2446.5, 77, 118
 2447, 78, 118
 2447.5, 77, 118
 2448, 77, 118
 2448.5, 77, 118
 2449, 79, 118
 2449.5, 79, 118
 2450, 79, 118
 2450.5, 77, 118
 2451, 77, 118
 2451.5, 79, 118
 2452, 77, 118
 2452.5, 80, 118
 2453, 78, 118
 2453.5, 77, 118
 2454, 77, 118
 2454.5, 79, 118
 2455, 78, 118
 2455.5, 77, 118
 2456, 80, 118
 2456.5, 78, 118
 2457, 77, 118
 2457.5, 78, 118
 2458, 79, 118
 2458.5, 79, 118
 2459, 78, 118
 2459.5, 77, 119
 2460, 130, 128
 2460.5, 77, 119
 2461, 77, 118
 2461.5, 77, 118
 2462, 80, 118
 2462.5, 79, 118
 2463, 79, 118
 2463.5, 79, 118
 2464, 76, 118
 2464.5, 82, 118
 2465, 80, 118
 2465.5, 79, 118
 2466, 77, 118
 2466.5, 79, 118
 2467, 77, 118
 2467.5, 112, 118
 2468, 78, 118
 2468.5, 76, 118
 2469, 81, 118
 2469.5, 80, 118
 2470, 78, 118
 2470.5, 78, 118
 2471, 78, 118
 2471.5, 78, 118
 2472, 78, 118
 2472.5, 77, 118
 2473, 76, 118
 2473.5, 76, 118
 2474, 76, 118
 2474.5, 76, 118
 2475, 75, 118
 2475.5, 79, 118
 2476, 79, 118
 2476.5, 78, 118
 2477, 78, 118
 2477.5, 77, 118
 2478, 76, 118
 2478.5, 76, 118
 2479, 75, 118
 2479.5, 78, 118
 2480, 75, 118
 2480.5, 75, 118
 2481, 76, 118
 2481.5, 77, 118
 2482, 75, 118
 2482.5, 77, 118
 2483, 77, 118
 2483.5, 78, 118
 2484, 75, 118
 2484.5, 77, 118
 2485, 75, 118
 2485.5, 74, 118
 2486, 77, 118
 2486.5, 81, 118
 2487, 79, 118
 2487.5, 81, 118
 2488, 77, 118
 2488.5, 77, 118
 2489, 76, 118
 2489.5, 78, 168
 2490, 139, 186
 2490.5, 76, 118
 2491, 76, 118
 2491.5, 75, 118
 2492, 76, 118
 2492.5, 76, 118
 2493, 76, 118
 2493.5, 76, 118
 2494, 78, 118
 2494.5, 79, 118
 2495, 78, 118
 2495.5, 79, 118
 2496, 75, 118
 2496.5, 78, 118
 2497, 76, 118
 2497.5, 75, 118
 2498, 75, 118
 2498.5, 76, 118
 2499, 77, 118
 2499.5, 75, 118
 2500, 78, 118
 2500.5, 78, 118
 2501, 76, 118
 2501.5, 78, 118
 2502, 75, 118
 2502.5, 77, 118
 2503, 76, 118
 2503.5, 75, 118
 2504, 75, 118
 2504.5, 76, 118
 2505, 152, 126
 2505.5, 77, 118
 2506, 77, 118
 2506.5, 77, 118
 2507, 77, 118
 2507.5, 75, 118
 2508, 76, 118
 2508.5, 75, 118
 2509, 77, 118
 2509.5, 77, 118
 2510, 75, 118
 2510.5, 77, 118
 2511, 76, 118
 2511.5, 81, 118
 2512, 80, 118
 2512.5, 80, 118
 2513, 81, 118
 2513.5, 79, 118
 2514, 81, 118
 2514.5, 79, 118
 2515, 78, 118
 2515.5, 78, 118
 2516, 77, 118
 2516.5, 81, 118
 2517, 75, 118
 2517.5, 73, 118
 2518, 76, 118
 2518.5, 74, 118
 2519, 76, 118
 2519.5, 77, 130
 2520, 144, 142
 2520.5, 76, 118
 2521, 75, 118
 2521.5, 75, 118
 2522, 76, 118
 2522.5, 75, 118
 2523, 76, 118
 2523.5, 74, 118
 2524, 74, 118
 2524.5, 80, 118
 2525, 75, 118
 2525.5, 78, 118
 2526, 77, 118
 2526.5, 76, 118
 2527, 77, 118
 2527.5, 75, 118
 2528, 76, 118
 2528.5, 77, 118
 2529, 75, 118
 2529.5, 76, 118
 2530, 77, 118
 2530.5, 75, 118
 2531, 75, 118
 2531.5, 78, 118
 2532, 76, 118
 2532.5, 77, 118
 2533, 77, 118
 2533.5, 76, 118
 2534, 76, 118
 2534.5, 76, 118
 2535, 216, 118
 2535.5, 77, 118
 2536, 75, 118
 2536.5, 75, 118
 2537, 78, 118
 2537.5, 76, 118
 2538, 76, 118
 2538.5, 78, 118
 2539, 77, 118
 2539.5, 79, 118
 2540, 195, 191
 2540.5, 76, 118
 2541, 77, 118
 2541.5, 79, 118
 2542, 77, 118
 2542.5, 75, 118
 2543, 80, 118
 2543.5, 77, 118
 2544, 77, 118
 2544.5, 76, 118
 2545, 79, 118
 2545.5, 75, 118
 2546, 77, 118
 2546.5, 80, 118
 2547, 77, 118
 2547.5, 81, 118
 2548, 79, 118
 2548.5, 78, 118
 2549, 78, 118
 2549.5, 78, 119
 2550, 133, 130
 2550.5, 77, 118
 2551, 78, 118
 2551.5, 78, 118
 2552, 75, 118
 2552.5, 80, 118
 2553, 79, 118
 2553.5, 79, 118
 2554, 78, 118
 2554.5, 77, 118
 2555, 78, 118
 2555.5, 79, 118
 2556, 78, 118
 2556.5, 79, 118
 2557, 77, 118
 2557.5, 79, 118
 2558, 75, 118
 2558.5, 76, 118
 2559, 79, 118
 2559.5, 79, 118
 2560, 79, 118
 2560.5, 78, 118
 2561, 79, 118
 2561.5, 77, 118
 2562, 78, 118
 2562.5, 76, 118
 2563, 76, 118
 2563.5, 77, 118
 2564, 76, 118
 2564.5, 76, 118
 2565, 63, 118
 2565.5, 79, 118
 2566, 80, 118
 2566.5, 80, 118
 2567, 81, 118
 2567.5, 79, 118
 2568, 78, 119
 2568.5, 77, 118
 2569, 77, 118
 2569.5, 79, 118
 2570, 76, 118
 2570.5, 75, 118
 2571, 76, 118
 2571.5, 76, 118
 2572, 75, 118
 2572.5, 77, 120
 2573, 76, 118
 2573.5, 78, 118
 2574, 79, 118
 2574.5, 77, 118
 2575, 76, 118
 2575.5, 76, 118
 2576, 75, 118
 2576.5, 80, 118
 2577, 75, 118
 2577.5, 76, 118
 2578, 76, 118
 2578.5, 76, 118
 2579, 75, 118
 2579.5, 79, 121
 2580, 303, 317
 2580.5, 77, 119
 2581, 77, 118
 2581.5, 78, 118
 2582, 77, 118
 2582.5, 76, 118
 2583, 76, 118
 2583.5, 75, 118
 2584, 76, 118
 2584.5, 73, 118
 2585, 74, 118
 2585.5, 82, 118
 2586, 80, 118
 2586.5, 79, 118
 2587, 78, 118
 2587.5, 81, 118
 2588, 78, 118
 2588.5, 75, 118
 2589, 76, 118
 2589.5, 73, 118
 2590, 76, 118
 2590.5, 75, 118
 2591, 75, 118
 2591.5, 76, 118
 2592, 79, 118
 2592.5, 79, 118
 2593, 79, 118
 2593.5, 78, 118
 2594, 77, 118
 2594.5, 78, 118
 2595, 93, 121
 2595.5, 76, 118
 2596, 76, 118
 2596.5, 76, 118
 2597, 76, 118
 2597.5, 75, 118
 2598, 77, 118
 2598.5, 73, 118
 2599, 77, 118
 2599.5, 76, 118
 2600, 76, 118
 2600.5, 74, 118
 2601, 76, 118
 2601.5, 76, 118
 2602, 74, 118
 2602.5, 81, 118
 2603, 74, 118
 2603.5, 76, 118
 2604, 74, 118
 2604.5, 79, 118
 2605, 76, 118
 2605.5, 75, 118
 2606, 77, 118
 2606.5, 78, 118
 2607, 75, 118
 2607.5, 76, 118
 2608, 76, 118
 2608.5, 77, 118
 2609, 76, 118
 2609.5, 76, 119
 2610, 140, 137
 2610.5, 77, 118
 2611, 77, 118
 2611.5, 75, 118
 2612, 76, 118
 2612.5, 77, 118
 2613, 77, 118
 2613.5, 76, 118
 2614, 77, 118
 2614.5, 76, 118
 2615, 75, 118
 2615.5, 77, 118
 2616, 76, 118
 2616.5, 79, 118
 2617, 80, 118
 2617.5, 79, 119
 2618, 78, 118
 2618.5, 79, 118
 2619, 79, 118
 2619.5, 77, 118
 2620, 79, 118
 2620.5, 78, 118
 2621, 77, 118
 2621.5, 79, 118
 2622, 79, 118
 2622.5, 77, 118
 2623, 76, 118
 2623.5, 77, 118
 2624, 78, 118
 2624.5, 79, 118
 2625, 188, 118
 2625.5, 77, 118
 2626, 78, 118
 2626.5, 78, 118
 2627, 77, 118
 2627.5, 77, 118
 2628, 80, 118
 2628.5, 78, 118
 2629, 77, 118
 2629.5, 77, 118
 2630, 77, 118
 2630.5, 77, 118
 2631, 76, 118
 2631.5, 80, 118
 2632, 77, 118
 2632.5, 79, 118
 2633, 77, 118
 2633.5, 76, 118
 2634, 77, 118
 2634.5, 77, 118
 2635, 83, 122
 2635.5, 78, 118
 2636, 76, 118
 2636.5, 82, 118
 2637, 75, 118
 2637.5, 77, 118
 2638, 79, 118
 2638.5, 80, 118
 2639, 80, 118
 2639.5, 79, 119
 2640, 138, 174
 2640.5, 76, 147
 2641, 77, 118
 2641.5, 79, 118
 2642, 75, 118
 2642.5, 78, 118
 2643, 76, 118
 2643.5, 76, 118
 2644, 76, 118
 2644.5, 75, 118
 2645, 79, 118
 2645.5, 77, 118
 2646, 79, 118
 2646.5, 77, 118
 2647, 80, 118
 2647.5, 77, 118
 2648, 79, 118
 2648.5, 80, 118
 2649, 82, 118
 2649.5, 80, 118
 2650, 79, 118
 2650.5, 80, 118
 2651, 80, 118
 2651.5, 82, 118
 2652, 80, 118
 2652.5, 80, 118
 2653, 81, 118
 2653.5, 81, 118
 2654, 80, 118
 2654.5, 80, 118
 2655, 78, 118
 2655.5, 78, 118
 2656, 80, 118
 2656.5, 79, 118
 2657, 80, 118
 2657.5, 77, 118
 2658, 77, 118
 2658.5, 77, 118
 2659, 77, 118
 2659.5, 79, 118
 2660, 79, 118
 2660.5, 77, 118
 2661, 78, 118
 2661.5, 74, 118
 2662, 74, 118
 2662.5, 75, 118
 2663, 79, 118
 2663.5, 79, 118
 2664, 78, 118
 2664.5, 78, 118
 2665, 78, 118
 2665.5, 77, 118
 2666, 77, 118
 2666.5, 80, 118
 2667, 79, 118
 2667.5, 76, 118
 2668, 75, 118
 2668.5, 74, 118
 2669, 77, 118
 2669.5, 80, 119
 2670, 156, 138
 2670.5, 80, 118
 2671, 80, 118
 2671.5, 78, 118
 2672, 77, 118
 2672.5, 78, 118
 2673, 77, 118
 2673.5, 76, 118
 2674, 76, 118
 2674.5, 74, 118
 2675, 78, 118
 2675.5, 82, 118
 2676, 80, 118
 2676.5, 79, 118
 2677, 78, 118
 2677.5, 80, 118
 2678, 78, 118
 2678.5, 77, 118
 2679, 78, 118
 2679.5, 77, 118
 2680, 73, 119
 2680.5, 75, 118
 2681, 79, 118
 2681.5, 74, 118
 2682, 80, 118
 2682.5, 82, 118
 2683, 80, 118
 2683.5, 80, 118
 2684, 79, 118
 2684.5, 81, 118
 2685, 132, 221
 2685.5, 78, 118
 2686, 80, 118
 2686.5, 79, 118
 2687, 78, 118
 2687.5, 76, 118
 2688, 77, 118
 2688.5, 76, 118
 2689, 76, 118
 2689.5, 74, 118
 2690, 77, 118
 2690.5, 79, 118
 2691, 79, 118
 2691.5, 79, 118
 2692, 78, 118
 2692.5, 63, 118
 2693, 78, 118
 2693.5, 76, 118
 2694, 79, 118
 2694.5, 77, 118
 2695, 76, 118
 2695.5, 78, 118
 2696, 77, 118
 2696.5, 78, 118
 2697, 80, 118
 2697.5, 78, 118
 2698, 78, 118
 2698.5, 78, 118
 2699, 78, 162
 2699.5, 78, 403
 2700, 309, 409
 2700.5, 76, 190
 2701, 78, 144
 2701.5, 77, 118
 2702, 76, 118
 2702.5, 77, 118
 2703, 79, 118
 2703.5, 80, 118
 2704, 80, 118
 2704.5, 80, 118
 2705, 77, 118
 2705.5, 80, 118
 2706, 78, 118
 2706.5, 77, 118
 2707, 78, 118
 2707.5, 81, 118
 2708, 78, 118
 2708.5, 77, 118
 2709, 78, 118
 2709.5, 76, 118
 2710, 78, 118
 2710.5, 79, 118
 2711, 81, 118
 2711.5, 79, 118
 2712, 79, 118
 2712.5, 80, 118
 2713, 80, 118
 2713.5, 76, 118
 2714, 80, 118
 2714.5, 78, 118
 2715, 91, 119
 2715.5, 77, 118
 2716, 77, 118
 2716.5, 76, 118
 2717, 79, 118
 2717.5, 82, 118
 2718, 81, 118
 2718.5, 79, 118
 2719, 79, 118
 2719.5, 76, 118
 2720, 78, 118
 2720.5, 79, 118
 2721, 77, 118
 2721.5, 77, 118
 2722, 77, 118
 2722.5, 73, 125
 2723, 76, 118
 2723.5, 77, 118
 2724, 74, 118
 2724.5, 78, 118
 2725, 81, 120
 2725.5, 79, 118
 2726, 78, 118
 2726.5, 78, 118
 2727, 78, 118
 2727.5, 74, 118
 2728, 79, 118
 2728.5, 77, 118
 2729, 75, 118
 2729.5, 76, 118
 2730, 127, 123
 2730.5, 79, 118
 2731, 81, 118
 2731.5, 78, 118
 2732, 79, 118
 2732.5, 77, 118
 2733, 80, 118
 2733.5, 78, 118
 2734, 77, 118
 2734.5, 75, 118
 2735, 77, 118
 2735.5, 76, 118
 2736, 75, 118
 2736.5, 75, 118
 2737, 79, 118
 2737.5, 64, 118
 2738, 78, 118
 2738.5, 80, 118
 2739, 79, 118
 2739.5, 79, 118
 2740, 79, 118
 2740.5, 79, 118
 2741, 76, 118
 2741.5, 82, 118
 2742, 78, 117
 2742.5, 77, 118
 2743, 77, 118
 2743.5, 75, 118
 2744, 76, 118
 2744.5, 74, 118
 2745, 89, 118
 2745.5, 79, 118
 2746, 79, 118
 2746.5, 77, 118
 2747, 76, 118
 2747.5, 77, 118
 2748, 77, 118
 2748.5, 78, 118
 2749, 77, 118
 2749.5, 79, 118
 2750, 93, 120
 2750.5, 75, 118
 2751, 76, 118
 2751.5, 76, 118
 2752, 73, 117
 2752.5, 77, 120
 2753, 81, 118
 2753.5, 78, 118
 2754, 80, 118
 2754.5, 78, 118
 2755, 78, 118
 2755.5, 79, 118
 2756, 76, 118
 2756.5, 78, 118
 2757, 78, 118
 2757.5, 75, 118
 2758, 75, 118
 2758.5, 77, 118
 2759, 77, 118
 2759.5, 78, 118
 2760, 128, 123
 2760.5, 77, 118
 2761, 77, 118
 2761.5, 76, 118
 2762, 76, 118
 2762.5, 77, 118
 2763, 77, 118
 2763.5, 76, 118
 2764, 75, 118
 2764.5, 76, 118
 2765, 76, 117
 2765.5, 74, 117
 2766, 76, 118
 2766.5, 77, 118
 2767, 79, 118
 2767.5, 81, 118
 2768, 77, 118
 2768.5, 79, 118
 2769, 77, 118
 2769.5, 78, 117
 2770, 79, 118
 2770.5, 78, 118
 2771, 78, 118
 2771.5, 77, 118
 2772, 79, 118
 2772.5, 80, 118
 2773, 78, 118
 2773.5, 77, 118
 2774, 78, 118
 2774.5, 79, 118
 2775, 118, 125
 2775.5, 77, 122
 2776, 77, 118
 2776.5, 76, 117
 2777, 76, 118
 2777.5, 79, 118
 2778, 78, 118
 2778.5, 79, 117
 2779, 80, 118
 2779.5, 80, 118
 2780, 78, 118
 2780.5, 79, 118
 2781, 78, 118
 2781.5, 78, 118
 2782, 77, 117
 2782.5, 79, 118
 2783, 76, 117
 2783.5, 77, 117
 2784, 78, 117
 2784.5, 79, 118
 2785, 79, 117
 2785.5, 79, 118
 2786, 79, 118
 2786.5, 79, 118
 2787, 80, 117
 2787.5, 77, 118
 2788, 78, 117
 2788.5, 77, 118
 2789, 77, 117
 2789.5, 77, 118
 2790, 119, 121
 2790.5, 78, 118
 2791, 78, 117
 2791.5, 81, 118
 2792, 78, 117
 2792.5, 78, 117
 2793, 80, 118
 2793.5, 79, 118
 2794, 77, 118
 2794.5, 78, 118
 2795, 76, 117
 2795.5, 75, 117
 2796, 78, 117
 2796.5, 77, 117
 2797, 79, 117
 2797.5, 79, 119
 2798, 79, 117
 2798.5, 78, 117
 2799, 80, 118
 2799.5, 79, 118
 2800, 79, 118
 2800.5, 78, 118
 2801, 78, 117
 2801.5, 80, 118
 2802, 78, 117
 2802.5, 77, 117
 2803, 77, 117
 2803.5, 76, 118
 2804, 77, 118
 2804.5, 76, 118
 2805, 169, 118
 2805.5, 79, 118
 2806, 79, 117
 2806.5, 78, 118
 2807, 79, 118
 2807.5, 78, 117
 2808, 77, 118
 2808.5, 78, 117
 2809, 77, 117
 2809.5, 76, 117
 2810, 77, 117
 2810.5, 76, 117
 2811, 78, 118
 2811.5, 77, 117
 2812, 75, 117
 2812.5, 78, 117
 2813, 78, 117
 2813.5, 79, 117
 2814, 78, 117
 2814.5, 79, 118
 2815, 78, 117
 2815.5, 78, 117
 2816, 80, 117
 2816.5, 77, 117
 2817, 78, 117
 2817.5, 78, 117
 2818, 78, 117
 2818.5, 79, 117
 2819, 78, 117
 2819.5, 78, 118
 2820, 126, 126
 2820.5, 79, 119
 2821, 79, 117
 2821.5, 80, 117
 2822, 78, 118
 2822.5, 79, 117
 2823, 78, 117
 2823.5, 80, 117
 2824, 79, 117
 2824.5, 77, 117
 2825, 77, 117
 2825.5, 79, 117
 2826, 79, 117
 2826.5, 78, 117
 2827, 79, 117
 2827.5, 88, 117
 2828, 80, 117
 2828.5, 79, 117
 2829, 80, 118
 2829.5, 80, 117
 2830, 80, 117
 2830.5, 81, 117
 2831, 79, 117
 2831.5, 79, 117
 2832, 79, 117
 2832.5, 81, 117
 2833, 79, 117
 2833.5, 79, 117
 2834, 81, 117
 2834.5, 83, 117
 2835, 93, 117
 2835.5, 82, 117
 2836, 79, 117
 2836.5, 81, 117
 2837, 79, 117
 2837.5, 79, 117
 2838, 80, 117
 2838.5, 80, 117
 2839, 79, 117
 2839.5, 78, 117
 2840, 183, 162
 2840.5, 77, 117
 2841, 80, 117
 2841.5, 81, 117
 2842, 80, 117
 2842.5, 79, 117
 2843, 82, 117
 2843.5, 78, 117
 2844, 79, 117
 2844.5, 80, 117
 2845, 76, 117
 2845.5, 76, 117
 2846, 78, 117
 2846.5, 80, 117
 2847, 78, 117
 2847.5, 81, 117
 2848, 79, 117
 2848.5, 78, 117
 2849, 78, 117
 2849.5, 79, 117
 2850, 117, 122
 2850.5, 77, 117
 2851, 78, 117
 2851.5, 80, 117
 2852, 78, 117
 2852.5, 77, 117
 2853, 77, 117
 2853.5, 77, 117
 2854, 75, 117
 2854.5, 81, 117
 2855, 79, 117
 2855.5, 78, 117
 2856, 77, 117
 2856.5, 77, 117
 2857, 78, 117
 2857.5, 90, 141
 2858, 79, 117
 2858.5, 78, 117
 2859, 78, 117
 2859.5, 78, 117
 2860, 78, 117
 2860.5, 78, 117
 2861, 78, 117
 2861.5, 79, 117
 2862, 77, 117
 2862.5, 78, 117
 2863, 76, 117
 2863.5, 79, 117
 2864, 77, 117
 2864.5, 79, 117
 2865, 81, 118
 2865.5, 80, 117
 2866, 79, 117
 2866.5, 79, 117
 2867, 78, 117
 2867.5, 77, 117
 2868, 78, 117
 2868.5, 76, 117
 2869, 79, 117
 2869.5, 76, 117
 2870, 77, 117
 2870.5, 80, 117
 2871, 78, 117
 2871.5, 79, 117
 2872, 79, 117
 2872.5, 83, 117
 2873, 79, 117
 2873.5, 79, 117
 2874, 78, 117
 2874.5, 78, 117
 2875, 79, 117
 2875.5, 78, 117
 2876, 78, 117
 2876.5, 74, 117
 2877, 77, 117
 2877.5, 77, 117
 2878, 77, 117
 2878.5, 79, 117
 2879, 78, 117
 2879.5, 78, 137
 2880, 173, 153
 2880.5, 79, 117
 2881, 77, 117
 2881.5, 77, 117
 2882, 78, 117
 2882.5, 77, 117
 2883, 76, 117
 2883.5, 78, 117
 2884, 75, 117
 2884.5, 76, 117
 2885, 77, 117
 2885.5, 75, 117
 2886, 74, 117
 2886.5, 75, 117
 2887, 74, 117
 2887.5, 74, 117
 2888, 74, 117
 2888.5, 74, 117
 2889, 75, 117
 2889.5, 74, 117
 2890, 73, 117
 2890.5, 73, 117
 2891, 73, 117
 2891.5, 76, 117
 2892, 76, 117
 2892.5, 77, 117
 2893, 78, 117
 2893.5, 77, 117
 2894, 78, 117
 2894.5, 76, 117
 2895, 213, 201
 2895.5, 75, 117
 2896, 75, 117
 2896.5, 74, 117
 2897, 75, 117
 2897.5, 74, 117
 2898, 75, 117
 2898.5, 76, 117
 2899, 76, 117
 2899.5, 77, 117
 2900, 77, 117
 2900.5, 78, 117
 2901, 76, 117
 2901.5, 76, 117
 2902, 76, 116
 2902.5, 70, 117
 2903, 77, 117
 2903.5, 76, 116
 2904, 75, 117
 2904.5, 76, 117
 2905, 77, 116
 2905.5, 75, 117
 2906, 76, 117
 2906.5, 73, 116
 2907, 78, 117
 2907.5, 77, 117
 2908, 77, 117
 2908.5, 75, 117
 2909, 77, 116
 2909.5, 75, 119
 2910, 117, 167
 2910.5, 76, 117
 2911, 76, 116
 2911.5, 77, 116
 2912, 76, 116
 2912.5, 75, 117
 2913, 75, 116
 2913.5, 76, 116
 2914, 76, 116
 2914.5, 74, 116
 2915, 75, 116
 2915.5, 77, 116
 2916, 76, 116
 2916.5, 76, 116
 2917, 77, 116
 2917.5, 75, 116
 2918, 77, 116
 2918.5, 78, 116
 2919, 76, 116
 2919.5, 77, 116
 2920, 74, 116
 2920.5, 77, 116
 2921, 76, 116
 2921.5, 78, 116
 2922, 77, 116
 2922.5, 75, 116
 2923, 78, 116
 2923.5, 77, 116
 2924, 76, 116
 2924.5, 76, 116
 2925, 69, 117
 2925.5, 76, 116
 2926, 76, 116
 2926.5, 75, 116
 2927, 78, 116
 2927.5, 77, 116
 2928, 75, 116
 2928.5, 76, 116
 2929, 75, 116
 2929.5, 77, 116
 2930, 75, 116
 2930.5, 77, 116
 2931, 75, 116
 2931.5, 77, 116
 2932, 76, 116
 2932.5, 76, 116
 2933, 78, 116
 2933.5, 74, 116
 2934, 76, 116
 2934.5, 74, 116
 2935, 78, 116
 2935.5, 75, 116
 2936, 76, 116
 2936.5, 75, 116
 2937, 75, 116
 2937.5, 77, 116
 2938, 75, 116
 2938.5, 76, 116
 2939, 77, 116
 2939.5, 78, 117
 2940, 120, 120
 2940.5, 76, 116
 2941, 78, 116
 2941.5, 74, 116
 2942, 76, 116
 2942.5, 75, 116
 2943, 76, 116
 2943.5, 76, 116
 2944, 76, 116
 2944.5, 77, 116
 2945, 75, 116
 2945.5, 76, 116
 2946, 75, 116
 2946.5, 75, 116
 2947, 77, 116
 2947.5, 78, 116
 2948, 76, 116
 2948.5, 76, 116
 2949, 76, 116
 2949.5, 77, 116
 2950, 77, 116
 2950.5, 76, 116
 2951, 76, 116
 2951.5, 79, 116
 2952, 76, 116
 2952.5, 77, 116
 2953, 78, 116
 2953.5, 76, 116
 2954, 77, 116
 2954.5, 77, 116
 2955, 151, 160
 2955.5, 76, 117
 2956, 77, 116
 2956.5, 77, 116
 2957, 77, 116
 2957.5, 76, 116
 2958, 77, 116
 2958.5, 77, 116
 2959, 77, 116
 2959.5, 79, 116
 2960, 77, 116
 2960.5, 78, 116
 2961, 77, 116
 2961.5, 75, 116
 2962, 78, 116
 2962.5, 99, 116
 2963, 76, 116
 2963.5, 76, 116
 2964, 75, 116
 2964.5, 75, 116
 2965, 74, 116
 2965.5, 76, 116
 2966, 76, 116
 2966.5, 75, 116
 2967, 75, 116
 2967.5, 77, 116
 2968, 76, 116
 2968.5, 76, 116
 2969, 75, 116
 2969.5, 77, 117
 2970, 111, 120
 2970.5, 76, 116
 2971, 75, 116
 2971.5, 80, 116
 2972, 75, 116
 2972.5, 76, 116
 2973, 76, 116
 2973.5, 75, 116
 2974, 76, 116
 2974.5, 79, 116
 2975, 75, 116
 2975.5, 76, 116
 2976, 75, 116
 2976.5, 75, 116
 2977, 75, 116
 2977.5, 74, 116
 2978, 77, 116
 2978.5, 76, 116
 2979, 76, 116
 2979.5, 75, 116
 2980, 80, 131
 2980.5, 76, 116
 2981, 75, 116
 2981.5, 78, 116
 2982, 77, 116
 2982.5, 75, 116
 2983, 75, 116
 2983.5, 77, 116
 2984, 76, 116
 2984.5, 77, 118
 2985, 124, 119
 2985.5, 75, 116
 2986, 75, 116
 2986.5, 75, 116
 2987, 75, 116
 2987.5, 76, 116
 2988, 75, 116
 2988.5, 76, 116
 2989, 76, 116
 2989.5, 76, 116
 2990, 76, 116
 2990.5, 77, 116
 2991, 76, 116
 2991.5, 76, 116
 2992, 77, 116
 2992.5, 74, 116
 2993, 77, 116
 2993.5, 75, 116
 2994, 76, 116
 2994.5, 76, 116
 2995, 75, 116
 2995.5, 76, 116
 2996, 76, 116
 2996.5, 74, 116
 2997, 76, 116
 2997.5, 76, 116
 2998, 75, 116
 2998.5, 76, 116
 2999, 74, 116
 2999.5, 77, 116
 3000, 137, 138
