 1000, 85, 117
 1000.5, 78, 117
 1001, 80, 117
 1001.5, 80, 117
 1002, 79, 117
 1002.5, 80, 117
 1003, 80, 117
 1003.5, 80, 117
 1004, 79, 117
 1004.5, 79, 117
 1005, 228, 117
 1005.5, 79, 118
 1006, 80, 117
 1006.5, 79, 117
 1007, 81, 117
 1007.5, 80, 117
 1008, 81, 117
 1008.5, 80, 117
 1009, 81, 117
 1009.5, 81, 117
 1010, 80, 117
 1010.5, 81, 117
 1011, 80, 117
 1011.5, 80, 117
 1012, 80, 117
 1012.5, 82, 117
 1013, 80, 117
 1013.5, 80, 117
 1014, 80, 117
 1014.5, 81, 117
 1015, 81, 117
 1015.5, 81, 117
 1016, 80, 117
 1016.5, 81, 117
 1017, 82, 117
 1017.5, 82, 117
 1018, 81, 117
 1018.5, 81, 117
 1019, 81, 117
 1019.5, 81, 134
 1020, 130, 146
 1020.5, 81, 118
 1021, 81, 117
 1021.5, 81, 117
 1022, 81, 117
 1022.5, 82, 117
 1023, 80, 117
 1023.5, 80, 117
 1024, 80, 117
 1024.5, 81, 117
 1025, 81, 117
 1025.5, 82, 117
 1026, 80, 117
 1026.5, 81, 117
 1027, 80, 117
 1027.5, 82, 119
 1028, 81, 117
 1028.5, 80, 117
 1029, 80, 117
 1029.5, 80, 117
 1030, 81, 117
 1030.5, 81, 117
 1031, 81, 117
 1031.5, 81, 117
 1032, 81, 117
 1032.5, 82, 117
 1033, 80, 117
 1033.5, 81, 117
 1034, 80, 117
 1034.5, 81, 117
 1035, 166, 136
 1035.5, 79, 117
 1036, 80, 117
 1036.5, 81, 117
 1037, 80, 117
 1037.5, 81, 117
 1038, 80, 117
 1038.5, 81, 117
 1039, 81, 117
 1039.5, 81, 117
 1040, 81, 117
 1040.5, 80, 117
 1041, 98, 119
 1041.5, 80, 117
 1042, 79, 117
 1042.5, 81, 117
 1043, 78, 117
 1043.5, 82, 117
 1044, 81, 117
 1044.5, 81, 117
 1045, 80, 117
 1045.5, 80, 117
 1046, 81, 117
 1046.5, 81, 117
 1047, 81, 117
 1047.5, 81, 117
 1048, 80, 117
 1048.5, 80, 117
 1049, 80, 117
 1049.5, 80, 118
 1050, 107, 128
 1050.5, 82, 118
 1051, 82, 117
 1051.5, 81, 117
 1052, 82, 117
 1052.5, 81, 117
 1053, 81, 117
 1053.5, 82, 117
 1054, 80, 117
 1054.5, 81, 117
 1055, 81, 117
 1055.5, 82, 117
 1056, 81, 117
 1056.5, 82, 117
 1057, 80, 118
 1057.5, 278, 295
 1058, 83, 117
 1058.5, 81, 117
 1059, 81, 117
 1059.5, 80, 117
 1060, 87, 118
 1060.5, 82, 117
 1061, 82, 117
 1061.5, 83, 117
 1062, 82, 117
 1062.5, 81, 117
 1063, 81, 117
 1063.5, 82, 117
 1064, 83, 117
 1064.5, 81, 118
 1065, 174, 187
 1065.5, 81, 117
 1066, 82, 117
 1066.5, 80, 117
 1067, 83, 117
 1067.5, 82, 117
 1068, 82, 117
 1068.5, 81, 117
 1069, 82, 117
 1069.5, 82, 117
 1070, 84, 117
 1070.5, 81, 117
 1071, 82, 117
 1071.5, 82, 117
 1072, 82, 117
 1072.5, 95, 117
 1073, 81, 117
 1073.5, 80, 117
 1074, 82, 117
 1074.5, 81, 117
 1075, 82, 117
 1075.5, 82, 117
 1076, 81, 117
 1076.5, 80, 117
 1077, 81, 117
 1077.5, 82, 117
 1078, 81, 117
 1078.5, 80, 117
 1079, 81, 117
 1079.5, 82, 123
 1080, 111, 125
 1080.5, 80, 117
 1081, 83, 117
 1081.5, 81, 117
 1082, 81, 117
 1082.5, 80, 117
 1083, 81, 117
 1083.5, 82, 117
 1084, 81, 117
 1084.5, 82, 117
 1085, 83, 117
 1085.5, 82, 117
 1086, 80, 117
 1086.5, 81, 117
 1087, 81, 117
 1087.5, 84, 117
 1088, 81, 117
 1088.5, 81, 117
 1089, 82, 117
 1089.5, 80, 117
 1090, 104, 163
 1090.5, 82, 117
 1091, 81, 117
 1091.5, 82, 117
 1092, 81, 117
 1092.5, 80, 117
 1093, 83, 117
 1093.5, 81, 117
 1094, 82, 117
 1094.5, 81, 117
 1095, 88, 122
 1095.5, 82, 117
 1096, 81, 117
 1096.5, 82, 117
 1097, 82, 117
 1097.5, 82, 117
 1098, 106, 157
 1098.5, 82, 117
 1099, 82, 117
 1099.5, 81, 117
 1100, 82, 117
 1100.5, 82, 117
 1101, 83, 117
 1101.5, 82, 117
 1102, 81, 117
 1102.5, 86, 121
 1103, 82, 117
 1103.5, 82, 117
 1104, 81, 117
 1104.5, 81, 117
 1105, 83, 117
 1105.5, 83, 117
 1106, 82, 117
 1106.5, 82, 117
 1107, 82, 117
 1107.5, 82, 117
 1108, 82, 117
 1108.5, 80, 117
 1109, 80, 117
 1109.5, 81, 138
 1110, 299, 355
 1110.5, 81, 119
 1111, 82, 117
 1111.5, 83, 117
 1112, 82, 117
 1112.5, 82, 117
 1113, 82, 117
 1113.5, 82, 117
 1114, 81, 117
 1114.5, 81, 117
 1115, 82, 117
 1115.5, 80, 117
 1116, 81, 117
 1116.5, 81, 117
 1117, 82, 117
 1117.5, 81, 130
 1118, 81, 117
 1118.5, 81, 117
 1119, 80, 117
 1119.5, 81, 117
 1120, 79, 118
 1120.5, 80, 117
 1121, 81, 117
 1121.5, 82, 117
 1122, 82, 117
 1122.5, 81, 117
 1123, 80, 117
 1123.5, 81, 117
 1124, 82, 117
 1124.5, 82, 117
 1125, 93, 117
 1125.5, 80, 117
 1126, 81, 117
 1126.5, 81, 117
 1127, 80, 117
 1127.5, 79, 117
 1128, 79, 117
 1128.5, 79, 117
 1129, 81, 117
 1129.5, 81, 117
 1130, 79, 117
 1130.5, 81, 117
 1131, 80, 117
 1131.5, 80, 120
 1132, 81, 117
 1132.5, 81, 117
 1133, 81, 117
 1133.5, 81, 117
 1134, 80, 117
 1134.5, 80, 117
 1135, 84, 118
 1135.5, 82, 117
 1136, 79, 117
 1136.5, 81, 117
 1137, 80, 117
 1137.5, 81, 117
 1138, 82, 117
 1138.5, 79, 117
 1139, 81, 117
 1139.5, 80, 121
 1140, 107, 126
 1140.5, 80, 117
 1141, 80, 117
 1141.5, 81, 117
 1142, 81, 117
 1142.5, 81, 117
 1143, 81, 117
 1143.5, 81, 117
 1144, 81, 117
 1144.5, 79, 117
 1145, 79, 117
 1145.5, 81, 117
 1146, 81, 117
 1146.5, 81, 117
 1147, 81, 117
 1147.5, 81, 117
 1148, 81, 117
 1148.5, 81, 117
 1149, 81, 117
 1149.5, 80, 117
 1150, 89, 119
 1150.5, 82, 117
 1151, 80, 117
 1151.5, 81, 117
 1152, 227, 282
 1152.5, 81, 117
 1153, 80, 117
 1153.5, 80, 117
 1154, 80, 117
 1154.5, 80, 117
 1155, 179, 159
 1155.5, 80, 157
 1156, 79, 117
 1156.5, 80, 120
 1157, 79, 117
 1157.5, 81, 117
 1158, 81, 117
 1158.5, 80, 117
 1159, 81, 117
 1159.5, 79, 117
 1160, 79, 119
 1160.5, 80, 117
 1161, 81, 117
 1161.5, 80, 117
 1162, 79, 117
 1162.5, 143, 193
 1163, 79, 117
 1163.5, 78, 117
 1164, 79, 117
 1164.5, 77, 117
 1165, 81, 117
 1165.5, 79, 117
 1166, 80, 117
 1166.5, 79, 117
 1167, 73, 118
 1167.5, 80, 117
 1168, 80, 117
 1168.5, 79, 117
 1169, 79, 117
 1169.5, 80, 118
 1170, 166, 236
 1170.5, 79, 118
 1171, 79, 117
 1171.5, 78, 117
 1172, 78, 117
 1172.5, 78, 117
 1173, 79, 117
 1173.5, 79, 117
 1174, 79, 117
 1174.5, 80, 117
 1175, 79, 117
 1175.5, 78, 117
 1176, 77, 117
 1176.5, 78, 117
 1177, 77, 117
 1177.5, 77, 117
 1178, 79, 117
 1178.5, 77, 117
 1179, 79, 117
 1179.5, 78, 117
 1180, 135, 195
 1180.5, 81, 117
 1181, 80, 117
 1181.5, 78, 117
 1182, 80, 117
 1182.5, 81, 117
 1183, 79, 117
 1183.5, 100, 158
 1184, 79, 117
 1184.5, 78, 117
 1185, 105, 171
 1185.5, 78, 125
 1186, 80, 117
 1186.5, 80, 117
 1187, 79, 117
 1187.5, 79, 117
 1188, 78, 117
 1188.5, 79, 117
 1189, 79, 117
 1189.5, 79, 117
 1190, 80, 117
 1190.5, 80, 117
 1191, 80, 117
 1191.5, 78, 117
 1192, 79, 117
 1192.5, 80, 123
 1193, 79, 117
 1193.5, 79, 117
 1194, 85, 119
 1194.5, 78, 117
 1195, 87, 120
 1195.5, 79, 117
 1196, 80, 117
 1196.5, 79, 117
 1197, 79, 117
 1197.5, 79, 117
 1198, 80, 117
 1198.5, 80, 117
 1199, 80, 117
 1199.5, 79, 118
 1200, 138, 191
 1200.5, 79, 118
 1201, 78, 117
 1201.5, 80, 117
 1202, 80, 117
 1202.5, 81, 117
 1203, 82, 118
 1203.5, 80, 117
 1204, 80, 117
 1204.5, 79, 117
 1205, 78, 119
 1205.5, 82, 117
 1206, 79, 117
 1206.5, 80, 118
 1207, 81, 117
 1207.5, 101, 136
 1208, 78, 117
 1208.5, 80, 117
 1209, 84, 119
 1209.5, 80, 117
 1210, 86, 121
 1210.5, 81, 117
 1211, 79, 117
 1211.5, 81, 117
 1212, 82, 117
 1212.5, 80, 117
 1213, 80, 117
 1213.5, 81, 117
 1214, 81, 117
 1214.5, 81, 117
 1215, 78, 117
 1215.5, 82, 117
 1216, 81, 117
 1216.5, 79, 117
 1217, 80, 117
 1217.5, 81, 117
 1218, 81, 117
 1218.5, 81, 117
 1219, 82, 117
 1219.5, 82, 117
 1220, 87, 118
 1220.5, 81, 117
 1221, 81, 117
 1221.5, 82, 117
 1222, 80, 117
 1222.5, 124, 126
 1223, 78, 117
 1223.5, 78, 117
 1224, 79, 117
 1224.5, 79, 117
 1225, 101, 121
 1225.5, 80, 117
 1226, 80, 117
 1226.5, 80, 117
 1227, 81, 117
 1227.5, 79, 117
 1228, 80, 117
 1228.5, 79, 117
 1229, 81, 117
 1229.5, 81, 117
 1230, 130, 232
 1230.5, 78, 117
 1231, 79, 117
 1231.5, 79, 117
 1232, 79, 117
 1232.5, 79, 117
 1233, 80, 117
 1233.5, 81, 117
 1234, 79, 117
 1234.5, 81, 117
 1235, 84, 117
 1235.5, 79, 117
 1236, 78, 118
 1236.5, 80, 117
 1237, 81, 117
 1237.5, 77, 117
 1238, 80, 117
 1238.5, 79, 117
 1239, 79, 117
 1239.5, 80, 117
 1240, 82, 117
 1240.5, 78, 117
 1241, 80, 117
 1241.5, 80, 117
 1242, 80, 117
 1242.5, 81, 117
 1243, 81, 117
 1243.5, 78, 117
 1244, 80, 117
 1244.5, 79, 136
 1245, 173, 162
 1245.5, 78, 117
 1246, 80, 117
 1246.5, 87, 123
 1247, 79, 117
 1247.5, 79, 117
 1248, 81, 117
 1248.5, 81, 117
 1249, 79, 117
 1249.5, 81, 117
 1250, 87, 121
 1250.5, 79, 117
 1251, 80, 117
 1251.5, 78, 117
 1252, 79, 117
 1252.5, 70, 117
 1253, 81, 117
 1253.5, 79, 117
 1254, 80, 117
 1254.5, 79, 117
 1255, 81, 118
 1255.5, 79, 117
 1256, 79, 117
 1256.5, 80, 117
 1257, 79, 117
 1257.5, 78, 117
 1258, 81, 117
 1258.5, 79, 117
 1259, 81, 117
 1259.5, 80, 118
 1260, 106, 148
 1260.5, 79, 117
 1261, 81, 117
 1261.5, 81, 117
 1262, 80, 117
 1262.5, 80, 117
 1263, 80, 117
 1263.5, 81, 117
 1264, 81, 117
 1264.5, 79, 117
 1265, 82, 117
 1265.5, 79, 117
 1266, 79, 117
 1266.5, 80, 117
 1267, 80, 117
 1267.5, 128, 175
 1268, 81, 117
 1268.5, 81, 117
 1269, 81, 117
 1269.5, 80, 117
 1270, 80, 117
 1270.5, 81, 117
 1271, 81, 117
 1271.5, 80, 117
 1272, 80, 117
 1272.5, 80, 117
 1273, 80, 117
 1273.5, 80, 118
 1274, 80, 117
 1274.5, 81, 119
 1275, 110, 139
 1275.5, 78, 117
 1276, 81, 117
 1276.5, 81, 117
 1277, 81, 117
 1277.5, 81, 117
 1278, 122, 186
 1278.5, 79, 117
 1279, 79, 117
 1279.5, 81, 117
 1280, 78, 118
 1280.5, 80, 117
 1281, 79, 117
 1281.5, 80, 117
 1282, 80, 117
 1282.5, 80, 117
 1283, 81, 117
 1283.5, 80, 117
 1284, 80, 117
 1284.5, 79, 117
 1285, 80, 117
 1285.5, 80, 117
 1286, 81, 117
 1286.5, 81, 117
 1287, 79, 117
 1287.5, 82, 117
 1288, 82, 117
 1288.5, 80, 117
 1289, 80, 117
 1289.5, 79, 118
 1290, 101, 119
 1290.5, 80, 117
 1291, 79, 117
 1291.5, 80, 117
 1292, 80, 117
 1292.5, 79, 117
 1293, 80, 117
 1293.5, 79, 117
 1294, 80, 117
 1294.5, 80, 117
 1295, 80, 118
 1295.5, 80, 117
 1296, 79, 117
 1296.5, 80, 117
 1297, 81, 117
 1297.5, 80, 117
 1298, 79, 117
 1298.5, 81, 118
 1299, 80, 117
 1299.5, 82, 117
 1300, 78, 118
 1300.5, 81, 117
 1301, 79, 117
 1301.5, 80, 117
 1302, 81, 117
 1302.5, 81, 117
 1303, 80, 117
 1303.5, 80, 117
 1304, 80, 117
 1304.5, 81, 117
 1305, 84, 123
 1305.5, 80, 117
 1306, 81, 117
 1306.5, 80, 117
 1307, 80, 117
 1307.5, 80, 117
 1308, 81, 117
 1308.5, 81, 117
 1309, 81, 117
 1309.5, 80, 117
 1310, 83, 117
 1310.5, 79, 117
 1311, 80, 117
 1311.5, 80, 117
 1312, 81, 117
 1312.5, 77, 119
 1313, 80, 117
 1313.5, 82, 117
 1314, 81, 117
 1314.5, 80, 117
 1315, 81, 117
 1315.5, 81, 117
 1316, 80, 117
 1316.5, 81, 117
 1317, 81, 117
 1317.5, 81, 117
 1318, 81, 117
 1318.5, 81, 117
 1319, 81, 117
 1319.5, 82, 118
 1320, 144, 224
 1320.5, 80, 118
 1321, 83, 117
 1321.5, 82, 117
 1322, 80, 117
 1322.5, 82, 117
 1323, 81, 117
 1323.5, 80, 117
 1324, 81, 117
 1324.5, 79, 117
 1325, 82, 117
 1325.5, 81, 117
 1326, 82, 117
 1326.5, 80, 117
 1327, 82, 117
 1327.5, 84, 118
 1328, 81, 117
 1328.5, 82, 117
 1329, 81, 117
 1329.5, 82, 117
 1330, 81, 117
 1330.5, 80, 117
 1331, 81, 117
 1331.5, 82, 117
 1332, 82, 118
 1332.5, 80, 117
 1333, 80, 117
 1333.5, 80, 117
 1334, 81, 117
 1334.5, 81, 117
 1335, 179, 251
 1335.5, 83, 117
 1336, 84, 117
 1336.5, 81, 117
 1337, 82, 117
 1337.5, 82, 117
 1338, 83, 117
 1338.5, 82, 117
 1339, 82, 117
 1339.5, 81, 117
 1340, 83, 118
 1340.5, 82, 117
 1341, 82, 117
 1341.5, 82, 117
 1342, 82, 117
 1342.5, 96, 117
 1343, 83, 117
 1343.5, 84, 117
 1344, 82, 117
 1344.5, 81, 117
 1345, 82, 117
 1345.5, 83, 117
 1346, 83, 117
 1346.5, 80, 117
 1347, 82, 117
 1347.5, 83, 117
 1348, 82, 117
 1348.5, 82, 117
 1349, 81, 117
 1349.5, 82, 118
 1350, 111, 119
 1350.5, 81, 117
 1351, 83, 117
 1351.5, 84, 117
 1352, 81, 117
 1352.5, 82, 117
 1353, 83, 117
 1353.5, 82, 117
 1354, 82, 117
 1354.5, 81, 117
 1355, 81, 117
 1355.5, 81, 117
 1356, 83, 117
 1356.5, 81, 117
 1357, 82, 117
 1357.5, 80, 117
 1358, 82, 117
 1358.5, 81, 117
 1359, 83, 117
 1359.5, 83, 117
 1360, 86, 118
 1360.5, 82, 117
 1361, 83, 117
 1361.5, 85, 117
 1362, 81, 118
 1362.5, 82, 118
 1363, 83, 118
 1363.5, 82, 117
 1364, 81, 117
 1364.5, 82, 117
 1365, 87, 118
 1365.5, 82, 117
 1366, 82, 117
 1366.5, 83, 117
 1367, 83, 117
 1367.5, 82, 117
 1368, 82, 118
 1368.5, 84, 117
 1369, 83, 117
 1369.5, 82, 117
 1370, 84, 117
 1370.5, 82, 118
 1371, 82, 117
 1371.5, 83, 117
 1372, 82, 117
 1372.5, 106, 189
 1373, 82, 117
 1373.5, 83, 117
 1374, 82, 117
 1374.5, 83, 117
 1375, 81, 117
 1375.5, 83, 117
 1376, 82, 117
 1376.5, 81, 117
 1377, 82, 117
 1377.5, 83, 117
 1378, 84, 117
 1378.5, 83, 117
 1379, 82, 117
 1379.5, 84, 118
 1380, 233, 197
 1380.5, 84, 192
 1381, 83, 117
 1381.5, 82, 117
 1382, 84, 117
 1382.5, 81, 117
 1383, 82, 117
 1383.5, 82, 117
 1384, 84, 118
 1384.5, 80, 118
 1385, 83, 117
 1385.5, 82, 117
 1386, 83, 117
 1386.5, 82, 117
 1387, 82, 117
 1387.5, 134, 117
 1388, 81, 117
 1388.5, 80, 117
 1389, 82, 117
 1389.5, 83, 117
 1390, 83, 118
 1390.5, 85, 118
 1391, 82, 117
 1391.5, 83, 117
 1392, 82, 117
 1392.5, 84, 117
 1393, 84, 117
 1393.5, 82, 117
 1394, 82, 117
 1394.5, 81, 117
 1395, 92, 118
 1395.5, 83, 117
 1396, 82, 118
 1396.5, 84, 117
 1397, 82, 117
 1397.5, 82, 118
 1398, 82, 118
 1398.5, 82, 117
 1399, 84, 117
 1399.5, 81, 117
 1400, 83, 117
 1400.5, 81, 117
 1401, 82, 117
 1401.5, 81, 117
 1402, 83, 117
 1402.5, 82, 117
 1403, 84, 117
 1403.5, 82, 117
 1404, 82, 117
 1404.5, 83, 117
 1405, 81, 117
 1405.5, 82, 117
 1406, 84, 117
 1406.5, 82, 117
 1407, 82, 117
 1407.5, 83, 117
 1408, 82, 117
 1408.5, 82, 117
 1409, 81, 117
 1409.5, 81, 118
 1410, 184, 233
 1410.5, 82, 118
 1411, 83, 117
 1411.5, 83, 117
 1412, 84, 118
 1412.5, 84, 117
 1413, 83, 117
 1413.5, 82, 118
 1414, 82, 117
 1414.5, 83, 117
 1415, 86, 117
 1415.5, 83, 117
 1416, 81, 117
 1416.5, 81, 117
 1417, 80, 117
 1417.5, 83, 117
 1418, 81, 117
 1418.5, 82, 117
 1419, 80, 117
 1419.5, 81, 117
 1420, 82, 118
 1420.5, 82, 117
 1421, 82, 117
 1421.5, 83, 117
 1422, 81, 117
 1422.5, 82, 117
 1423, 82, 117
 1423.5, 82, 117
 1424, 81, 117
 1424.5, 83, 139
 1425, 148, 145
 1425.5, 81, 117
 1426, 82, 118
 1426.5, 82, 117
 1427, 83, 117
 1427.5, 84, 117
 1428, 83, 118
 1428.5, 83, 117
 1429, 83, 117
 1429.5, 83, 117
 1430, 83, 117
 1430.5, 82, 117
 1431, 83, 117
 1431.5, 82, 117
 1432, 84, 117
 1432.5, 82, 118
 1433, 85, 117
 1433.5, 83, 117
 1434, 82, 117
 1434.5, 84, 117
 1435, 102, 123
 1435.5, 82, 117
 1436, 85, 117
 1436.5, 81, 118
 1437, 81, 117
 1437.5, 82, 118
 1438, 83, 117
 1438.5, 83, 117
 1439, 83, 117
 1439.5, 84, 119
 1440, 100, 120
 1440.5, 82, 117
 1441, 83, 117
 1441.5, 83, 117
 1442, 82, 117
 1442.5, 83, 117
 1443, 82, 117
 1443.5, 82, 118
 1444, 84, 118
 1444.5, 83, 117
 1445, 82, 117
 1445.5, 83, 118
 1446, 80, 117
 1446.5, 81, 117
 1447, 83, 117
 1447.5, 143, 183
 1448, 82, 118
 1448.5, 82, 118
 1449, 82, 118
 1449.5, 82, 117
 1450, 82, 118
 1450.5, 83, 117
 1451, 83, 117
 1451.5, 82, 117
 1452, 83, 117
 1452.5, 83, 118
 1453, 83, 117
 1453.5, 84, 117
 1454, 84, 118
 1454.5, 83, 132
 1455, 179, 132
 1455.5, 82, 118
 1456, 84, 117
 1456.5, 82, 117
 1457, 83, 117
 1457.5, 83, 117
 1458, 88, 118
 1458.5, 82, 117
 1459, 84, 118
 1459.5, 84, 117
 1460, 87, 118
 1460.5, 85, 118
 1461, 83, 117
 1461.5, 81, 117
 1462, 83, 117
 1462.5, 82, 118
 1463, 85, 117
 1463.5, 82, 117
 1464, 83, 118
 1464.5, 85, 118
 1465, 83, 117
 1465.5, 83, 117
 1466, 84, 118
 1466.5, 82, 117
 1467, 83, 117
 1467.5, 83, 118
 1468, 84, 118
 1468.5, 83, 117
 1469, 82, 118
 1469.5, 82, 118
 1470, 123, 121
 1470.5, 82, 118
 1471, 83, 117
 1471.5, 83, 117
 1472, 82, 117
 1472.5, 83, 117
 1473, 81, 117
 1473.5, 82, 117
 1474, 82, 117
 1474.5, 85, 117
 1475, 84, 117
 1475.5, 82, 117
 1476, 83, 117
 1476.5, 83, 117
 1477, 83, 117
 1477.5, 81, 117
 1478, 83, 117
 1478.5, 83, 117
 1479, 83, 117
 1479.5, 82, 118
 1480, 103, 158
 1480.5, 82, 118
 1481, 82, 117
 1481.5, 84, 117
 1482, 82, 117
 1482.5, 82, 117
 1483, 82, 117
 1483.5, 84, 117
 1484, 82, 117
 1484.5, 83, 117
 1485, 94, 118
 1485.5, 82, 117
 1486, 85, 117
 1486.5, 84, 117
 1487, 83, 118
 1487.5, 82, 117
 1488, 84, 117
 1488.5, 83, 118
 1489, 83, 118
 1489.5, 81, 118
 1490, 83, 117
 1490.5, 84, 117
 1491, 83, 117
 1491.5, 82, 117
 1492, 83, 117
 1492.5, 83, 118
 1493, 84, 117
 1493.5, 84, 117
 1494, 83, 117
 1494.5, 83, 117
 1495, 81, 118
 1495.5, 84, 117
 1496, 83, 117
 1496.5, 83, 117
 1497, 84, 117
 1497.5, 82, 117
 1498, 84, 117
 1498.5, 85, 118
 1499, 83, 117
 1499.5, 83, 118
 1500, 113, 122
 1500.5, 83, 117
 1501, 84, 117
 1501.5, 82, 117
 1502, 83, 117
 1502.5, 82, 117
 1503, 83, 117
 1503.5, 82, 117
 1504, 83, 118
 1504.5, 85, 118
 1505, 78, 120
 1505.5, 84, 117
 1506, 84, 117
 1506.5, 85, 117
 1507, 85, 118
 1507.5, 156, 239
 1508, 84, 117
 1508.5, 85, 117
 1509, 82, 117
 1509.5, 84, 118
 1510, 84, 118
 1510.5, 83, 117
 1511, 85, 117
 1511.5, 83, 118
 1512, 82, 118
 1512.5, 84, 118
 1513, 85, 118
 1513.5, 84, 118
 1514, 83, 118
 1514.5, 83, 117
 1515, 106, 126
 1515.5, 83, 118
 1516, 83, 118
 1516.5, 84, 118
 1517, 84, 118
 1517.5, 83, 117
 1518, 84, 117
 1518.5, 83, 118
 1519, 84, 118
 1519.5, 85, 117
 1520, 85, 118
 1520.5, 86, 118
 1521, 83, 117
 1521.5, 85, 118
 1522, 83, 117
 1522.5, 72, 118
 1523, 85, 117
 1523.5, 83, 118
 1524, 83, 117
 1524.5, 84, 118
 1525, 186, 167
 1525.5, 83, 117
 1526, 83, 118
 1526.5, 84, 118
 1527, 82, 117
 1527.5, 84, 118
 1528, 84, 118
 1528.5, 86, 118
 1529, 81, 165
 1529.5, 82, 212
 1530, 432, 428
 1530.5, 87, 418
 1531, 84, 175
 1531.5, 82, 119
 1532, 83, 118
 1532.5, 85, 118
 1533, 85, 118
 1533.5, 82, 118
 1534, 83, 117
 1534.5, 83, 118
 1535, 82, 117
 1535.5, 83, 118
 1536, 83, 118
 1536.5, 83, 117
 1537, 82, 117
 1537.5, 83, 117
 1538, 82, 117
 1538.5, 83, 117
 1539, 82, 117
 1539.5, 82, 117
 1540, 83, 117
 1540.5, 83, 118
 1541, 82, 117
 1541.5, 82, 117
 1542, 83, 118
 1542.5, 82, 117
 1543, 83, 117
 1543.5, 83, 117
 1544, 83, 117
 1544.5, 83, 118
 1545, 215, 140
 1545.5, 83, 117
 1546, 84, 117
 1546.5, 85, 118
 1547, 83, 117
 1547.5, 84, 117
 1548, 83, 118
 1548.5, 84, 117
 1549, 83, 117
 1549.5, 83, 118
 1550, 80, 117
 1550.5, 84, 117
 1551, 83, 118
 1551.5, 83, 117
 1552, 84, 118
 1552.5, 83, 118
 1553, 82, 117
 1553.5, 84, 117
 1554, 82, 117
 1554.5, 82, 117
 1555, 84, 117
 1555.5, 82, 117
 1556, 84, 117
 1556.5, 83, 117
 1557, 82, 117
 1557.5, 83, 117
 1558, 82, 117
 1558.5, 84, 117
 1559, 82, 117
 1559.5, 83, 119
 1560, 111, 126
 1560.5, 81, 120
 1561, 81, 117
 1561.5, 84, 117
 1562, 82, 117
 1562.5, 83, 117
 1563, 83, 117
 1563.5, 81, 117
 1564, 84, 117
 1564.5, 83, 117
 1565, 81, 117
 1565.5, 83, 117
 1566, 83, 117
 1566.5, 85, 117
 1567, 82, 118
 1567.5, 82, 117
 1568, 82, 117
 1568.5, 82, 118
 1569, 83, 117
 1569.5, 82, 117
 1570, 85, 118
 1570.5, 84, 117
 1571, 83, 118
 1571.5, 85, 118
 1572, 83, 117
 1572.5, 83, 117
 1573, 83, 117
 1573.5, 83, 117
 1574, 83, 117
 1574.5, 82, 117
 1575, 83, 117
 1575.5, 84, 117
 1576, 82, 117
 1576.5, 82, 117
 1577, 83, 117
 1577.5, 84, 117
 1578, 81, 117
 1578.5, 82, 117
 1579, 82, 117
 1579.5, 81, 117
 1580, 83, 117
 1580.5, 82, 117
 1581, 83, 117
 1581.5, 82, 117
 1582, 82, 117
 1582.5, 82, 117
 1583, 82, 117
 1583.5, 82, 117
 1584, 84, 117
 1584.5, 83, 117
 1585, 85, 118
 1585.5, 84, 117
 1586, 82, 117
 1586.5, 83, 117
 1587, 83, 117
 1587.5, 83, 117
 1588, 81, 117
 1588.5, 82, 117
 1589, 83, 117
 1589.5, 83, 120
 1590, 86, 123
 1590.5, 84, 118
 1591, 83, 117
 1591.5, 83, 117
 1592, 81, 117
 1592.5, 81, 117
 1593, 82, 117
 1593.5, 84, 117
 1594, 82, 117
 1594.5, 85, 117
 1595, 88, 120
 1595.5, 83, 117
 1596, 81, 117
 1596.5, 81, 117
 1597, 80, 117
 1597.5, 80, 117
 1598, 83, 117
 1598.5, 83, 117
 1599, 82, 117
 1599.5, 82, 117
 1600, 149, 143
 1600.5, 81, 117
 1601, 81, 117
 1601.5, 83, 117
 1602, 82, 117
 1602.5, 81, 117
 1603, 82, 117
 1603.5, 82, 117
 1604, 82, 117
 1604.5, 82, 117
 1605, 122, 127
 1605.5, 82, 117
 1606, 82, 117
 1606.5, 81, 117
 1607, 82, 118
 1607.5, 81, 117
 1608, 83, 117
 1608.5, 81, 117
 1609, 82, 118
 1609.5, 81, 117
 1610, 87, 118
 1610.5, 81, 117
 1611, 81, 117
 1611.5, 83, 117
 1612, 81, 117
 1612.5, 112, 118
 1613, 83, 118
 1613.5, 82, 117
 1614, 82, 117
 1614.5, 81, 118
 1615, 82, 117
 1615.5, 83, 117
 1616, 82, 117
 1616.5, 83, 117
 1617, 83, 117
 1617.5, 83, 118
 1618, 82, 117
 1618.5, 81, 117
 1619, 82, 117
 1619.5, 82, 118
 1620, 91, 132
 1620.5, 83, 118
 1621, 82, 117
 1621.5, 82, 118
 1622, 84, 117
 1622.5, 84, 117
 1623, 84, 117
 1623.5, 81, 117
 1624, 83, 117
 1624.5, 83, 118
 1625, 79, 118
 1625.5, 83, 117
 1626, 83, 117
 1626.5, 82, 117
 1627, 82, 117
 1627.5, 84, 117
 1628, 81, 117
 1628.5, 83, 118
 1629, 82, 117
 1629.5, 81, 117
 1630, 83, 117
 1630.5, 82, 117
 1631, 83, 117
 1631.5, 83, 118
 1632, 81, 117
 1632.5, 83, 117
 1633, 83, 117
 1633.5, 83, 117
 1634, 82, 118
 1634.5, 82, 118
 1635, 145, 118
 1635.5, 81, 118
 1636, 82, 117
 1636.5, 81, 117
 1637, 82, 117
 1637.5, 82, 118
 1638, 82, 118
 1638.5, 81, 117
 1639, 81, 117
 1639.5, 82, 117
 1640, 80, 121
 1640.5, 83, 118
 1641, 82, 118
 1641.5, 82, 118
 1642, 83, 118
 1642.5, 82, 118
 1643, 85, 118
 1643.5, 82, 117
 1644, 84, 118
 1644.5, 82, 117
 1645, 83, 117
 1645.5, 82, 117
 1646, 82, 118
 1646.5, 83, 118
 1647, 83, 117
 1647.5, 83, 117
 1648, 83, 118
 1648.5, 82, 117
 1649, 84, 118
 1649.5, 84, 120
 1650, 130, 194
 1650.5, 83, 118
 1651, 83, 117
 1651.5, 83, 117
 1652, 84, 117
 1652.5, 82, 118
 1653, 85, 117
 1653.5, 84, 117
 1654, 83, 118
 1654.5, 84, 118
 1655, 82, 117
 1655.5, 83, 118
 1656, 84, 117
 1656.5, 83, 118
 1657, 83, 117
 1657.5, 136, 118
 1658, 83, 117
 1658.5, 84, 117
 1659, 84, 117
 1659.5, 83, 117
 1660, 84, 118
 1660.5, 83, 117
 1661, 84, 117
 1661.5, 84, 117
 1662, 82, 117
 1662.5, 83, 117
 1663, 83, 118
 1663.5, 83, 117
 1664, 85, 117
 1664.5, 83, 117
 1665, 85, 118
 1665.5, 83, 118
 1666, 85, 117
 1666.5, 84, 118
 1667, 82, 117
 1667.5, 83, 117
 1668, 84, 117
 1668.5, 83, 117
 1669, 82, 118
 1669.5, 83, 117
 1670, 84, 117
 1670.5, 83, 117
 1671, 83, 118
 1671.5, 84, 117
 1672, 82, 117
 1672.5, 122, 164
 1673, 83, 117
 1673.5, 83, 117
 1674, 83, 118
 1674.5, 82, 117
 1675, 84, 117
 1675.5, 83, 117
 1676, 85, 117
 1676.5, 82, 117
 1677, 84, 117
 1677.5, 83, 117
 1678, 83, 118
 1678.5, 84, 117
 1679, 80, 117
 1679.5, 82, 123
 1680, 344, 335
 1680.5, 82, 120
 1681, 84, 118
 1681.5, 83, 117
 1682, 82, 117
 1682.5, 83, 117
 1683, 83, 117
 1683.5, 81, 117
 1684, 82, 118
 1684.5, 85, 117
 1685, 81, 117
 1685.5, 83, 118
 1686, 81, 117
 1686.5, 84, 117
 1687, 82, 117
 1687.5, 82, 117
 1688, 83, 118
 1688.5, 82, 117
 1689, 82, 117
 1689.5, 82, 117
 1690, 84, 119
 1690.5, 83, 117
 1691, 83, 117
 1691.5, 84, 117
 1692, 85, 118
 1692.5, 81, 117
 1693, 82, 118
 1693.5, 83, 117
 1694, 82, 117
 1694.5, 81, 118
 1695, 107, 118
 1695.5, 81, 117
 1696, 81, 118
 1696.5, 82, 117
 1697, 81, 117
 1697.5, 82, 117
 1698, 82, 117
 1698.5, 82, 117
 1699, 82, 117
 1699.5, 81, 117
 1700, 83, 118
 1700.5, 82, 117
 1701, 81, 117
 1701.5, 83, 117
 1702, 81, 117
 1702.5, 80, 117
 1703, 82, 117
 1703.5, 82, 117
 1704, 82, 118
 1704.5, 81, 117
 1705, 84, 117
 1705.5, 82, 117
 1706, 81, 118
 1706.5, 82, 118
 1707, 81, 118
 1707.5, 83, 117
 1708, 84, 118
 1708.5, 83, 117
 1709, 81, 117
 1709.5, 84, 119
 1710, 112, 162
 1710.5, 83, 118
 1711, 83, 117
 1711.5, 83, 118
 1712, 83, 117
 1712.5, 83, 118
 1713, 82, 117
 1713.5, 83, 117
 1714, 83, 118
 1714.5, 83, 118
 1715, 81, 118
 1715.5, 82, 118
 1716, 83, 118
 1716.5, 82, 118
 1717, 84, 118
 1717.5, 80, 118
 1718, 83, 117
 1718.5, 83, 118
 1719, 82, 118
 1719.5, 84, 118
 1720, 87, 118
 1720.5, 84, 118
 1721, 83, 118
 1721.5, 84, 118
 1722, 82, 118
 1722.5, 84, 118
 1723, 82, 118
 1723.5, 83, 117
 1724, 82, 118
 1724.5, 83, 118
 1725, 118, 119
 1725.5, 83, 118
 1726, 82, 118
 1726.5, 83, 118
 1727, 82, 118
 1727.5, 80, 118
 1728, 82, 118
 1728.5, 83, 117
 1729, 83, 118
 1729.5, 82, 118
 1730, 83, 118
 1730.5, 82, 118
 1731, 83, 118
 1731.5, 84, 118
 1732, 83, 118
 1732.5, 84, 117
 1733, 84, 118
 1733.5, 81, 117
 1734, 84, 118
 1734.5, 82, 118
 1735, 144, 124
 1735.5, 82, 118
 1736, 82, 118
 1736.5, 81, 117
 1737, 82, 117
 1737.5, 80, 117
 1738, 84, 117
 1738.5, 83, 118
 1739, 81, 117
 1739.5, 81, 119
 1740, 119, 176
 1740.5, 80, 152
 1741, 81, 117
 1741.5, 83, 118
 1742, 83, 117
 1742.5, 81, 118
 1743, 83, 118
 1743.5, 82, 117
 1744, 82, 118
 1744.5, 82, 118
 1745, 83, 118
 1745.5, 82, 118
 1746, 81, 118
 1746.5, 82, 118
 1747, 82, 117
 1747.5, 96, 118
 1748, 83, 118
 1748.5, 82, 118
 1749, 84, 118
 1749.5, 82, 118
 1750, 81, 118
 1750.5, 80, 118
 1751, 82, 118
 1751.5, 84, 118
 1752, 81, 118
 1752.5, 84, 118
 1753, 81, 118
 1753.5, 82, 118
 1754, 81, 118
 1754.5, 81, 118
 1755, 74, 119
 1755.5, 83, 118
 1756, 83, 118
 1756.5, 83, 118
 1757, 82, 118
 1757.5, 83, 118
 1758, 82, 118
 1758.5, 81, 118
 1759, 83, 118
 1759.5, 83, 118
 1760, 84, 118
 1760.5, 81, 118
 1761, 80, 118
 1761.5, 82, 118
 1762, 81, 118
 1762.5, 82, 118
 1763, 81, 118
 1763.5, 82, 118
 1764, 83, 118
 1764.5, 83, 118
 1765, 81, 118
 1765.5, 82, 118
 1766, 82, 117
 1766.5, 83, 118
 1767, 82, 118
 1767.5, 83, 118
 1768, 83, 117
 1768.5, 84, 118
 1769, 83, 118
 1769.5, 81, 118
 1770, 101, 120
 1770.5, 82, 118
 1771, 82, 118
 1771.5, 81, 118
 1772, 83, 118
 1772.5, 80, 118
 1773, 81, 118
 1773.5, 84, 118
 1774, 83, 118
 1774.5, 82, 118
 1775, 82, 117
 1775.5, 82, 118
 1776, 83, 118
 1776.5, 84, 118
 1777, 83, 118
 1777.5, 81, 118
 1778, 83, 118
 1778.5, 83, 118
 1779, 82, 118
 1779.5, 83, 118
 1780, 84, 118
 1780.5, 81, 118
 1781, 81, 118
 1781.5, 82, 118
 1782, 82, 118
 1782.5, 82, 118
 1783, 80, 118
 1783.5, 82, 118
 1784, 82, 118
 1784.5, 83, 118
 1785, 130, 191
 1785.5, 82, 118
 1786, 83, 118
 1786.5, 82, 118
 1787, 82, 118
 1787.5, 83, 118
 1788, 81, 118
 1788.5, 81, 118
 1789, 81, 118
 1789.5, 82, 118
 1790, 83, 118
 1790.5, 84, 118
 1791, 81, 118
 1791.5, 83, 118
 1792, 82, 118
 1792.5, 99, 118
 1793, 83, 118
 1793.5, 83, 118
 1794, 81, 118
 1794.5, 84, 118
 1795, 82, 118
 1795.5, 82, 118
 1796, 82, 118
 1796.5, 81, 118
 1797, 83, 118
 1797.5, 83, 118
 1798, 82, 118
 1798.5, 83, 120
 1799, 85, 190
 1799.5, 84, 435
 1800, 417, 441
 1800.5, 88, 219
 1801, 85, 173
 1801.5, 84, 118
 1802, 83, 118
 1802.5, 83, 118
 1803, 85, 118
 1803.5, 83, 118
 1804, 83, 118
 1804.5, 83, 118
 1805, 81, 118
 1805.5, 82, 118
 1806, 83, 118
 1806.5, 81, 118
 1807, 84, 118
 1807.5, 83, 118
 1808, 82, 118
 1808.5, 82, 118
 1809, 83, 118
 1809.5, 84, 118
 1810, 83, 118
 1810.5, 81, 118
 1811, 84, 118
 1811.5, 85, 118
 1812, 83, 118
 1812.5, 84, 118
 1813, 84, 118
 1813.5, 83, 118
 1814, 83, 118
 1814.5, 85, 118
 1815, 137, 119
 1815.5, 81, 118
 1816, 82, 118
 1816.5, 84, 118
 1817, 83, 118
 1817.5, 84, 118
 1818, 83, 118
 1818.5, 84, 118
 1819, 81, 118
 1819.5, 81, 118
 1820, 84, 118
 1820.5, 82, 118
 1821, 82, 118
 1821.5, 83, 118
 1822, 80, 118
 1822.5, 99, 152
 1823, 83, 118
 1823.5, 82, 118
 1824, 82, 118
 1824.5, 83, 118
 1825, 109, 135
 1825.5, 80, 118
 1826, 81, 118
 1826.5, 81, 118
 1827, 80, 118
 1827.5, 81, 118
 1828, 82, 118
 1828.5, 82, 118
 1829, 82, 118
 1829.5, 83, 118
 1830, 133, 122
 1830.5, 83, 118
 1831, 83, 118
 1831.5, 84, 118
 1832, 82, 118
 1832.5, 83, 118
 1833, 81, 118
 1833.5, 82, 118
 1834, 84, 118
 1834.5, 83, 118
 1835, 82, 118
 1835.5, 82, 118
 1836, 81, 118
 1836.5, 80, 118
 1837, 81, 118
 1837.5, 80, 118
 1838, 82, 118
 1838.5, 83, 118
 1839, 83, 118
 1839.5, 81, 118
 1840, 81, 118
 1840.5, 81, 118
 1841, 81, 118
 1841.5, 81, 118
 1842, 82, 118
 1842.5, 81, 118
 1843, 83, 118
 1843.5, 83, 118
 1844, 80, 118
 1844.5, 83, 118
 1845, 71, 118
 1845.5, 83, 118
 1846, 85, 118
 1846.5, 80, 118
 1847, 84, 118
 1847.5, 81, 118
 1848, 81, 118
 1848.5, 81, 118
 1849, 83, 118
 1849.5, 83, 118
 1850, 80, 118
 1850.5, 81, 118
 1851, 81, 118
 1851.5, 81, 118
 1852, 80, 118
 1852.5, 81, 118
 1853, 81, 118
 1853.5, 82, 118
 1854, 81, 118
 1854.5, 80, 118
 1855, 82, 118
 1855.5, 82, 118
 1856, 81, 118
 1856.5, 82, 118
 1857, 81, 118
 1857.5, 84, 118
 1858, 79, 118
 1858.5, 81, 118
 1859, 82, 118
 1859.5, 83, 119
 1860, 112, 121
 1860.5, 82, 118
 1861, 84, 118
 1861.5, 81, 118
 1862, 82, 118
 1862.5, 82, 118
 1863, 83, 118
 1863.5, 82, 118
 1864, 82, 118
 1864.5, 84, 118
 1865, 84, 118
 1865.5, 81, 118
 1866, 82, 118
 1866.5, 82, 118
 1867, 85, 118
 1867.5, 82, 118
 1868, 83, 118
 1868.5, 84, 118
 1869, 84, 118
 1869.5, 83, 118
 1870, 83, 118
 1870.5, 81, 118
 1871, 82, 118
 1871.5, 82, 118
 1872, 80, 118
 1872.5, 81, 118
 1873, 82, 118
 1873.5, 81, 118
 1874, 82, 118
 1874.5, 83, 118
 1875, 149, 161
 1875.5, 83, 121
 1876, 82, 118
 1876.5, 84, 118
 1877, 83, 118
 1877.5, 85, 118
 1878, 83, 118
 1878.5, 82, 118
 1879, 82, 118
 1879.5, 83, 118
 1880, 82, 118
 1880.5, 84, 118
 1881, 82, 118
 1881.5, 83, 118
 1882, 81, 118
 1882.5, 128, 118
 1883, 85, 118
 1883.5, 85, 118
 1884, 83, 118
 1884.5, 85, 118
 1885, 82, 118
 1885.5, 82, 118
 1886, 83, 118
 1886.5, 80, 118
 1887, 82, 118
 1887.5, 82, 118
 1888, 83, 118
 1888.5, 84, 118
 1889, 81, 118
 1889.5, 84, 118
 1890, 103, 119
 1890.5, 81, 118
 1891, 83, 118
 1891.5, 84, 118
 1892, 81, 118
 1892.5, 82, 118
 1893, 83, 118
 1893.5, 83, 118
 1894, 82, 118
 1894.5, 84, 118
 1895, 82, 118
 1895.5, 81, 118
 1896, 82, 118
 1896.5, 82, 118
 1897, 84, 118
 1897.5, 94, 130
 1898, 82, 118
 1898.5, 82, 118
 1899, 80, 118
 1899.5, 83, 118
 1900, 114, 119
 1900.5, 83, 118
 1901, 82, 118
 1901.5, 85, 118
 1902, 85, 118
 1902.5, 84, 118
 1903, 84, 118
 1903.5, 83, 118
 1904, 79, 118
 1904.5, 78, 118
 1905, 78, 118
 1905.5, 80, 118
 1906, 82, 118
 1906.5, 80, 118
 1907, 79, 118
 1907.5, 80, 118
 1908, 81, 118
 1908.5, 84, 118
 1909, 79, 118
 1909.5, 82, 118
 1910, 80, 118
 1910.5, 82, 118
 1911, 82, 118
 1911.5, 81, 118
 1912, 82, 118
 1912.5, 84, 118
 1913, 82, 118
 1913.5, 81, 118
 1914, 80, 118
 1914.5, 81, 118
 1915, 83, 118
 1915.5, 83, 118
 1916, 82, 118
 1916.5, 81, 118
 1917, 82, 118
 1917.5, 81, 118
 1918, 82, 118
 1918.5, 82, 118
 1919, 81, 118
 1919.5, 82, 120
 1920, 127, 126
 1920.5, 81, 119
 1921, 82, 118
 1921.5, 82, 118
 1922, 82, 118
 1922.5, 80, 118
 1923, 79, 118
 1923.5, 82, 118
 1924, 80, 118
 1924.5, 82, 118
 1925, 81, 118
 1925.5, 82, 118
 1926, 81, 118
 1926.5, 84, 118
 1927, 84, 118
 1927.5, 101, 118
 1928, 82, 118
 1928.5, 82, 118
 1929, 80, 118
 1929.5, 82, 118
 1930, 82, 118
 1930.5, 81, 118
 1931, 83, 118
 1931.5, 83, 118
 1932, 81, 118
 1932.5, 81, 118
 1933, 82, 118
 1933.5, 83, 118
 1934, 79, 118
 1934.5, 83, 118
 1935, 103, 119
 1935.5, 82, 118
 1936, 81, 118
 1936.5, 82, 118
 1937, 81, 118
 1937.5, 83, 118
 1938, 82, 118
 1938.5, 82, 118
 1939, 81, 118
 1939.5, 82, 118
 1940, 84, 118
 1940.5, 80, 118
 1941, 81, 118
 1941.5, 82, 118
 1942, 83, 118
 1942.5, 91, 118
 1943, 79, 118
 1943.5, 79, 118
 1944, 81, 118
 1944.5, 83, 118
 1945, 81, 118
 1945.5, 82, 118
 1946, 81, 118
 1946.5, 81, 118
 1947, 81, 118
 1947.5, 80, 118
 1948, 81, 118
 1948.5, 81, 118
 1949, 81, 118
 1949.5, 81, 118
 1950, 125, 123
 1950.5, 79, 118
 1951, 79, 118
 1951.5, 82, 118
 1952, 83, 118
 1952.5, 84, 118
 1953, 81, 118
 1953.5, 82, 118
 1954, 81, 118
 1954.5, 83, 118
 1955, 82, 118
 1955.5, 81, 118
 1956, 83, 118
 1956.5, 80, 118
 1957, 82, 118
 1957.5, 99, 176
 1958, 83, 118
 1958.5, 83, 118
 1959, 83, 118
 1959.5, 81, 118
 1960, 80, 118
 1960.5, 83, 118
 1961, 83, 118
 1961.5, 81, 118
 1962, 81, 118
 1962.5, 83, 118
 1963, 85, 118
 1963.5, 81, 118
 1964, 80, 118
 1964.5, 82, 118
 1965, 67, 119
 1965.5, 81, 118
 1966, 82, 118
 1966.5, 82, 118
 1967, 83, 118
 1967.5, 81, 118
 1968, 81, 118
 1968.5, 81, 118
 1969, 83, 118
 1969.5, 82, 118
 1970, 81, 118
 1970.5, 82, 118
 1971, 81, 118
 1971.5, 82, 118
 1972, 81, 118
 1972.5, 85, 118
 1973, 80, 118
 1973.5, 81, 118
 1974, 83, 118
 1974.5, 80, 118
 1975, 83, 118
 1975.5, 83, 118
 1976, 82, 118
 1976.5, 82, 118
 1977, 79, 118
 1977.5, 81, 118
 1978, 82, 118
 1978.5, 81, 118
 1979, 81, 118
 1979.5, 82, 127
 1980, 102, 128
 1980.5, 80, 118
 1981, 81, 118
 1981.5, 83, 118
 1982, 81, 118
 1982.5, 83, 118
 1983, 82, 118
 1983.5, 81, 118
 1984, 82, 118
 1984.5, 81, 118
 1985, 81, 118
 1985.5, 81, 118
 1986, 80, 118
 1986.5, 82, 118
 1987, 82, 118
 1987.5, 83, 118
 1988, 80, 118
 1988.5, 81, 118
 1989, 81, 118
 1989.5, 81, 118
 1990, 80, 118
 1990.5, 83, 118
 1991, 81, 118
 1991.5, 82, 118
 1992, 83, 118
 1992.5, 81, 118
 1993, 80, 118
 1993.5, 80, 118
 1994, 81, 118
 1994.5, 81, 118
 1995, 214, 229
 1995.5, 81, 118
 1996, 82, 118
 1996.5, 82, 118
 1997, 82, 118
 1997.5, 81, 118
 1998, 80, 118
 1998.5, 82, 118
 1999, 84, 118
 1999.5, 82, 118
 2000, 83, 118
